9.999979999999999980e-02 7.903810000000000002e-02
1.499999999999999944e-01 7.912070000000000214e-02
2.000000000000000111e-01 7.914150000000000351e-02
2.500000000000000000e-01 7.916239999999999388e-02
2.999999999999999889e-01 7.917630000000000501e-02
3.499999999999999778e-01 7.918619999999999826e-02
4.000000000000000222e-01 7.919370000000000576e-02
4.500000000000000111e-01 7.919950000000000601e-02
5.000000000000000000e-01 7.920420000000000238e-02
5.500000000000000444e-01 7.920800000000000063e-02
5.999999999999999778e-01 7.921119999999999550e-02
6.500000000000000222e-01 7.921390000000000375e-02
6.999999999999999556e-01 7.921620000000000050e-02
7.500000000000000000e-01 7.921820000000000250e-02
8.000000000000000444e-01 7.921989999999999588e-02
8.499999999999999778e-01 7.922150000000000025e-02
9.000000000000000222e-01 7.922289999999999888e-02
9.499999999999999556e-01 7.922410000000000563e-02
1.000000000000000000e+00 7.922519999999999563e-02
1.050000000000000044e+00 7.922619999999999663e-02
1.100000000000000089e+00 7.922709999999999475e-02
1.149999999999999911e+00 7.922790000000000388e-02
1.199999999999999956e+00 7.922869999999999913e-02
1.250000000000000000e+00 7.922940000000000538e-02
1.300000000000000044e+00 7.922999999999999488e-02
1.350000000000000089e+00 7.923059999999999825e-02
1.399999999999999911e+00 7.923120000000000163e-02
1.449999999999999956e+00 7.923170000000000213e-02
1.500000000000000000e+00 7.923220000000000263e-02
1.550000000000000044e+00 7.923270000000000313e-02
1.600000000000000089e+00 7.923310000000000075e-02
1.649999999999999911e+00 7.923349999999999838e-02
1.699999999999999956e+00 7.923389999999999600e-02
1.750000000000000000e+00 7.923420000000000463e-02
1.800000000000000044e+00 7.923449999999999938e-02
1.850000000000000089e+00 7.923489999999999700e-02
1.899999999999999911e+00 7.923520000000000563e-02
1.949999999999999956e+00 7.923539999999999750e-02
2.000000000000000000e+00 7.923570000000000613e-02
2.049999999999999822e+00 7.923600000000000088e-02
2.100000000000000089e+00 7.923620000000000663e-02
2.149999999999999911e+00 7.923639999999999850e-02
2.200000000000000178e+00 7.923669999999999325e-02
2.250000000000000000e+00 7.923689999999999900e-02
2.299999999999999822e+00 7.923710000000000475e-02
2.350000000000000089e+00 7.923729999999999662e-02
2.399999999999999911e+00 7.923750000000000238e-02
2.450000000000000178e+00 7.923760000000000525e-02
2.500000000000000000e+00 7.923779999999999712e-02
2.549999999999999822e+00 7.923800000000000288e-02
2.600000000000000089e+00 7.923810000000000575e-02
2.649999999999999911e+00 7.923829999999999762e-02
2.700000000000000178e+00 7.923840000000000050e-02
2.700000000000000178e+00 7.923840000000000050e-02
2.750000000000000000e+00 7.923860000000000625e-02
2.799999999999999822e+00 7.923869999999999525e-02
2.839999999999999858e+00 7.923879999999999812e-02
2.859999999999999876e+00 7.923890000000000100e-02
9.430009999999999337e+00 7.924399999999999500e-02
9.380010000000000403e+00 7.924399999999999500e-02
9.330009999999999692e+00 7.924399999999999500e-02
9.280010000000000758e+00 7.924399999999999500e-02
9.230010000000000048e+00 7.924399999999999500e-02
9.180009999999999337e+00 7.924390000000000600e-02
9.130010000000000403e+00 7.924390000000000600e-02
9.080009999999999692e+00 7.924390000000000600e-02
9.030010000000000758e+00 7.924390000000000600e-02
8.980010000000000048e+00 7.924390000000000600e-02
8.930009999999999337e+00 7.924390000000000600e-02
8.880010000000000403e+00 7.924390000000000600e-02
8.880010000000000403e+00 7.924390000000000600e-02
8.830009999999999692e+00 7.924390000000000600e-02
8.780010000000000758e+00 7.924380000000000313e-02
8.730010000000000048e+00 7.924380000000000313e-02
8.680009999999999337e+00 7.924380000000000313e-02
8.630010000000000403e+00 7.924380000000000313e-02
8.580009999999999692e+00 7.924380000000000313e-02
8.530010000000000758e+00 7.924380000000000313e-02
8.480010000000000048e+00 7.924380000000000313e-02
8.430009999999999337e+00 7.924370000000000025e-02
8.380010000000000403e+00 7.924370000000000025e-02
8.330009999999999692e+00 7.924370000000000025e-02
8.280010000000000758e+00 7.924370000000000025e-02
8.230010000000000048e+00 7.924370000000000025e-02
8.180009999999999337e+00 7.924370000000000025e-02
8.180009999999999337e+00 7.924370000000000025e-02
8.130010000000000403e+00 7.924359999999999737e-02
8.080009999999999692e+00 7.924359999999999737e-02
8.030010000000000758e+00 7.924359999999999737e-02
7.980010000000000048e+00 7.924359999999999737e-02
7.930010000000000225e+00 7.924359999999999737e-02
7.880010000000000403e+00 7.924359999999999737e-02
7.830009999999999692e+00 7.924349999999999450e-02
7.780009999999999870e+00 7.924349999999999450e-02
7.730010000000000048e+00 7.924349999999999450e-02
7.680010000000000225e+00 7.924349999999999450e-02
7.680010000000000225e+00 7.924349999999999450e-02
7.630010000000000403e+00 7.924349999999999450e-02
7.580009999999999692e+00 7.924349999999999450e-02
7.530009999999999870e+00 7.924340000000000550e-02
7.480010000000000048e+00 7.924340000000000550e-02
7.430010000000000225e+00 7.924340000000000550e-02
7.430010000000000225e+00 7.924340000000000550e-02
7.380010000000000403e+00 7.924340000000000550e-02
7.330009999999999692e+00 7.924340000000000550e-02
7.280009999999999870e+00 7.924330000000000263e-02
7.230010000000000048e+00 7.924330000000000263e-02
7.180010000000000225e+00 7.924330000000000263e-02
7.130010000000000403e+00 7.924330000000000263e-02
7.080009999999999692e+00 7.924330000000000263e-02
7.030009999999999870e+00 7.924319999999999975e-02
6.980010000000000048e+00 7.924319999999999975e-02
6.930010000000000225e+00 7.924319999999999975e-02
6.880010000000000403e+00 7.924319999999999975e-02
6.830009999999999692e+00 7.924319999999999975e-02
6.780009999999999870e+00 7.924309999999999687e-02
6.730010000000000048e+00 7.924309999999999687e-02
6.680010000000000225e+00 7.924309999999999687e-02
6.630010000000000403e+00 7.924309999999999687e-02
6.580009999999999692e+00 7.924299999999999400e-02
6.530009999999999870e+00 7.924299999999999400e-02
6.530009999999999870e+00 7.924299999999999400e-02
6.480010000000000048e+00 7.924299999999999400e-02
6.430010000000000225e+00 7.924299999999999400e-02
6.380010000000000403e+00 7.924290000000000500e-02
6.330009999999999692e+00 7.924290000000000500e-02
6.280009999999999870e+00 7.924290000000000500e-02
6.230000000000000426e+00 7.924290000000000500e-02
6.179999999999999716e+00 7.924280000000000213e-02
6.129999999999999893e+00 7.924280000000000213e-02
6.080000000000000071e+00 7.924280000000000213e-02
6.030000000000000249e+00 7.924269999999999925e-02
5.980000000000000426e+00 7.924269999999999925e-02
5.929999999999999716e+00 7.924269999999999925e-02
5.879999999999999893e+00 7.924269999999999925e-02
5.830000000000000071e+00 7.924259999999999637e-02
5.780000000000000249e+00 7.924259999999999637e-02
5.730000000000000426e+00 7.924259999999999637e-02
5.679999999999999716e+00 7.924249999999999350e-02
5.629999999999999893e+00 7.924249999999999350e-02
5.580000000000000071e+00 7.924249999999999350e-02
5.530000000000000249e+00 7.924240000000000450e-02
5.480000000000000426e+00 7.924240000000000450e-02
5.480000000000000426e+00 7.924240000000000450e-02
5.429999999999999716e+00 7.924240000000000450e-02
5.379999999999999893e+00 7.924230000000000163e-02
5.330000000000000071e+00 7.924230000000000163e-02
5.280000000000000249e+00 7.924219999999999875e-02
5.230000000000000426e+00 7.924219999999999875e-02
5.179999999999999716e+00 7.924219999999999875e-02
5.129999999999999893e+00 7.924209999999999587e-02
5.080000000000000071e+00 7.924209999999999587e-02
5.030000000000000249e+00 7.924209999999999587e-02
4.980000000000000426e+00 7.924200000000000688e-02
4.929999999999999716e+00 7.924200000000000688e-02
4.879999999999999893e+00 7.924190000000000400e-02
4.830000000000000071e+00 7.924190000000000400e-02
4.780000000000000249e+00 7.924180000000000113e-02
4.730000000000000426e+00 7.924180000000000113e-02
4.679999999999999716e+00 7.924169999999999825e-02
4.629999999999999893e+00 7.924169999999999825e-02
4.580000000000000071e+00 7.924159999999999537e-02
4.530000000000000249e+00 7.924159999999999537e-02
4.480000000000000426e+00 7.924150000000000638e-02
4.429999999999999716e+00 7.924150000000000638e-02
4.379999999999999893e+00 7.924140000000000350e-02
4.330000000000000071e+00 7.924140000000000350e-02
4.280000000000000249e+00 7.924130000000000063e-02
4.230000000000000426e+00 7.924130000000000063e-02
4.179999999999999716e+00 7.924119999999999775e-02
4.129999999999999893e+00 7.924109999999999487e-02
4.080000000000000071e+00 7.924109999999999487e-02
4.030000000000000249e+00 7.924100000000000588e-02
4.030000000000000249e+00 7.924100000000000588e-02
3.979999999999999982e+00 7.924090000000000300e-02
3.930000000000000160e+00 7.924090000000000300e-02
3.879999999999999893e+00 7.924080000000000013e-02
3.830000000000000071e+00 7.924069999999999725e-02
3.779999999999999805e+00 7.924069999999999725e-02
3.729999999999999982e+00 7.924059999999999437e-02
3.680000000000000160e+00 7.924050000000000538e-02
3.629999999999999893e+00 7.924040000000000250e-02
3.580000000000000071e+00 7.924040000000000250e-02
3.529999999999999805e+00 7.924029999999999963e-02
3.479999999999999982e+00 7.924019999999999675e-02
3.430000000000000160e+00 7.924009999999999387e-02
3.379999999999999893e+00 7.924000000000000488e-02
3.330000000000000071e+00 7.923990000000000200e-02
3.279999999999999805e+00 7.923979999999999912e-02
3.229999999999999982e+00 7.923969999999999625e-02
3.180000000000000160e+00 7.923959999999999337e-02
3.129999999999999893e+00 7.923950000000000438e-02
3.080000000000000071e+00 7.923940000000000150e-02
3.029999999999999805e+00 7.923929999999999862e-02
2.979999999999999982e+00 7.923919999999999575e-02
2.930000000000000160e+00 7.923910000000000675e-02
2.879999999999999893e+00 7.923890000000000100e-02
2.879999999999999893e+00 7.923890000000000100e-02
2.830000000000000071e+00 7.923879999999999812e-02
2.779999999999999805e+00 7.923869999999999525e-02
2.729999999999999982e+00 7.923850000000000338e-02
2.680000000000000160e+00 7.923840000000000050e-02
2.629999999999999893e+00 7.923819999999999475e-02
2.580000000000000071e+00 7.923810000000000575e-02
2.529999999999999805e+00 7.923790000000000000e-02
2.479999999999999982e+00 7.923769999999999425e-02
2.430000000000000160e+00 7.923760000000000525e-02
2.379999999999999893e+00 7.923739999999999950e-02
2.330000000000000071e+00 7.923719999999999375e-02
2.279999999999999805e+00 7.923700000000000188e-02
2.229999999999999982e+00 7.923679999999999612e-02
2.180000000000000160e+00 7.923660000000000425e-02
2.129999999999999893e+00 7.923639999999999850e-02
2.080000000000000071e+00 7.923610000000000375e-02
2.029999999999999805e+00 7.923610000000000375e-02
1.979999999999999982e+00 7.923560000000000325e-02
1.929999999999999938e+00 7.923529999999999462e-02
1.879999999999999893e+00 7.923499999999999988e-02
1.830000000000000071e+00 7.923470000000000513e-02
1.780000000000000027e+00 7.923439999999999650e-02
1.729999999999999982e+00 7.923410000000000175e-02
1.679999999999999938e+00 7.923370000000000413e-02
1.629999999999999893e+00 7.923330000000000650e-02
1.580000000000000071e+00 7.923289999999999500e-02
1.530000000000000027e+00 7.923249999999999738e-02
1.479999999999999982e+00 7.923199999999999688e-02
1.429999999999999938e+00 7.923149999999999638e-02
1.379999999999999893e+00 7.923099999999999588e-02
1.330000000000000071e+00 7.923040000000000638e-02
1.280000000000000027e+00 7.922980000000000300e-02
1.229999999999999982e+00 7.922909999999999675e-02
1.179999999999999938e+00 7.922840000000000438e-02
1.139999999999999902e+00 7.922780000000000100e-02
1.100000000000000089e+00 7.922709999999999475e-02
