1.1 0.0792271 0.0792271 2 1 0
1.14 0.0792278 0.0792278 1 1 0
1.18 0.0792284 0.0792284 1 1 0
1.23 0.0792291 0.0792291 1 1 0
1.28 0.0792298 0.0792298 1 1 0
1.33 0.0792304 0.0792304 1 1 0
1.38 0.079231 0.079231 1 1 0
1.43 0.0792315 0.0792315 1 1 0
1.48 0.079232 0.079232 1 1 0
1.53 0.0792325 0.0792325 1 1 0
1.58 0.0792329 0.0792329 1 1 0
1.63 0.0792333 0.0792333 1 1 0
1.68 0.0792337 0.0792337 1 1 0
1.73 0.0792341 0.0792341 1 1 0
1.78 0.0792344 0.0792344 1 1 0
1.83 0.0792347 0.0792347 1 1 0
1.88 0.079235 0.079235 1 1 0
1.93 0.0792353 0.0792353 1 1 0
1.98 0.0792356 0.0792356 1 1 0
2.03 0.0792361 0.0792361 1 1 0
2.08 0.0792361 0.0792361 1 1 0
2.13 0.0792364 0.0792364 1 1 0
2.18 0.0792366 0.0792366 1 1 0
2.23 0.0792368 0.0792368 1 1 0
2.28 0.079237 0.079237 1 1 0
2.33 0.0792372 0.0792372 1 1 0
2.38 0.0792374 0.0792374 1 1 0
2.43 0.0792376 0.0792376 1 1 0
2.48 0.0792377 0.0792377 1 1 0
2.53 0.0792379 0.0792379 1 1 0
2.58 0.0792381 0.0792381 1 1 0
2.63 0.0792382 0.0792382 1 1 0
2.68 0.0792384 0.0792384 1 1 0
2.73 0.0792385 0.0792385 1 1 0
2.78 0.0792387 0.0792387 1 1 0
2.83 0.0792388 0.0792388 1 1 0
2.88 0.0792389 0.0792389 1 1 0
2.88 0.0792389 0.0792389 1 1 0
2.93 0.0792391 0.0792391 1 1 0
2.98 0.0792392 0.0792392 1 1 0
3.03 0.0792393 0.0792393 1 1 0
3.08 0.0792394 0.0792394 1 1 0
3.13 0.0792395 0.0792395 1 1 0
3.18 0.0792396 0.0792396 1 1 0
3.23 0.0792397 0.0792397 1 1 0
3.28 0.0792398 0.0792398 1 1 0
3.33 0.0792399 0.0792399 1 1 0
3.38 0.07924 0.07924 1 1 0
3.43 0.0792401 0.0792401 1 1 0
3.48 0.0792402 0.0792402 1 1 0
3.53 0.0792403 0.0792403 1 1 0
3.58 0.0792404 0.0792404 1 1 0
3.63 0.0792404 0.0792404 1 1 0
3.68 0.0792405 0.0792405 1 1 0
3.73 0.0792406 0.0792406 1 1 0
3.78 0.0792407 0.0792407 1 1 0
3.83 0.0792407 0.0792407 1 1 0
3.88 0.0792408 0.0792408 1 1 0
3.93 0.0792409 0.0792409 1 1 0
3.98 0.0792409 0.0792409 1 1 0
4.03 0.079241 0.079241 1 1 0
4.03 0.079241 0.079241 1 1 0
4.08 0.0792411 0.0792411 1 1 0
4.13 0.0792411 0.0792411 1 1 0
4.18 0.0792412 0.0792412 1 1 0
4.23 0.0792413 0.0792413 1 1 0
4.28 0.0792413 0.0792413 1 1 0
4.33 0.0792414 0.0792414 1 1 0
4.38 0.0792414 0.0792414 1 1 0
4.43 0.0792415 0.0792415 1 1 0
4.48 0.0792415 0.0792415 1 1 0
4.53 0.0792416 0.0792416 1 1 0
4.58 0.0792416 0.0792416 1 1 0
4.63 0.0792417 0.0792417 1 1 0
4.68 0.0792417 0.0792417 1 1 0
4.73 0.0792418 0.0792418 1 1 0
4.78 0.0792418 0.0792418 1 1 0
4.83 0.0792419 0.0792419 1 1 0
4.88 0.0792419 0.0792419 1 1 0
4.93 0.079242 0.079242 1 1 0
4.98 0.079242 0.079242 1 1 0
5.03 0.0792421 0.0792421 1 1 0
5.08 0.0792421 0.0792421 1 1 0
5.13 0.0792421 0.0792421 1 1 0
5.18 0.0792422 0.0792422 1 1 0
5.23 0.0792422 0.0792422 1 1 0
5.28 0.0792422 0.0792422 1 1 0
5.33 0.0792423 0.0792423 1 1 0
5.38 0.0792423 0.0792423 1 1 0
5.43 0.0792424 0.0792424 1 1 0
5.48 0.0792424 0.0792424 1 1 0
5.48 0.0792424 0.0792424 1 1 0
5.53 0.0792424 0.0792424 1 1 0
5.58 0.0792425 0.0792425 1 1 0
5.63 0.0792425 0.0792425 1 1 0
5.68 0.0792425 0.0792425 1 1 0
5.73 0.0792426 0.0792426 1 1 0
5.78 0.0792426 0.0792426 1 1 0
5.83 0.0792426 0.0792426 1 1 0
5.88 0.0792427 0.0792427 1 1 0
5.93 0.0792427 0.0792427 1 1 0
5.98 0.0792427 0.0792427 1 1 0
6.03 0.0792427 0.0792427 1 1 0
6.08 0.0792428 0.0792428 1 1 0
6.13 0.0792428 0.0792428 1 1 0
6.18 0.0792428 0.0792428 1 1 0
6.23 0.0792429 0.0792429 1 1 0
6.28001 0.0792429 0.0792429 1 1 0
6.33001 0.0792429 0.0792429 1 1 0
6.38001 0.0792429 0.0792429 1 1 0
6.43001 0.079243 0.079243 1 1 0
6.48001 0.079243 0.079243 1 1 0
6.53001 0.079243 0.079243 1 1 0
6.53001 0.079243 0.079243 1 1 0
6.58001 0.079243 0.079243 2 1 0
6.63001 0.0792431 0.0792431 1 1 0
6.68001 0.0792431 0.0792431 1 1 0
6.73001 0.0792431 0.0792431 1 1 0
6.78001 0.0792431 0.0792431 1 1 0
6.83001 0.0792432 0.0792432 1 1 0
6.88001 0.0792432 0.0792432 1 1 0
6.93001 0.0792432 0.0792432 1 1 0
6.98001 0.0792432 0.0792432 1 1 0
7.03001 0.0792432 0.0792432 1 1 0
7.08001 0.0792433 0.0792433 1 1 0
7.13001 0.0792433 0.0792433 1 1 0
7.18001 0.0792433 0.0792433 1 1 0
7.23001 0.0792433 0.0792433 1 1 0
7.28001 0.0792433 0.0792433 1 1 0
7.33001 0.0792434 0.0792434 1 1 0
7.38001 0.0792434 0.0792434 1 1 0
7.43001 0.0792434 0.0792434 1 1 0
7.43001 0.0792434 0.0792434 1 1 0
7.48001 0.0792434 0.0792434 1 1 0
7.53001 0.0792434 0.0792434 1 1 0
7.58001 0.0792435 0.0792435 1 1 0
7.63001 0.0792435 0.0792435 1 1 0
7.68001 0.0792435 0.0792435 1 1 0
7.68001 0.0792435 0.0792435 1 1 0
7.73001 0.0792435 0.0792435 1 1 0
7.78001 0.0792435 0.0792435 1 1 0
7.83001 0.0792435 0.0792435 1 1 0
7.88001 0.0792436 0.0792436 1 1 0
7.93001 0.0792436 0.0792436 1 1 0
7.98001 0.0792436 0.0792436 1 1 0
8.03001 0.0792436 0.0792436 1 1 0
8.08001 0.0792436 0.0792436 1 1 0
8.13001 0.0792436 0.0792436 1 1 0
8.18001 0.0792437 0.0792437 1 1 0
8.18001 0.0792437 0.0792437 1 1 0
8.23001 0.0792437 0.0792437 2 1 0
8.28001 0.0792437 0.0792437 1 1 0
8.33001 0.0792437 0.0792437 1 1 0
8.38001 0.0792437 0.0792437 1 1 0
8.43001 0.0792437 0.0792437 1 1 0
8.48001 0.0792438 0.0792438 1 1 0
8.53001 0.0792438 0.0792438 1 1 0
8.58001 0.0792438 0.0792438 1 1 0
8.63001 0.0792438 0.0792438 1 1 0
8.68001 0.0792438 0.0792438 1 1 0
8.73001 0.0792438 0.0792438 1 1 0
8.78001 0.0792438 0.0792438 1 1 0
8.83001 0.0792439 0.0792439 1 1 0
8.88001 0.0792439 0.0792439 1 1 0
8.88001 0.0792439 0.0792439 1 1 0
8.93001 0.0792439 0.0792439 1 1 0
8.98001 0.0792439 0.0792439 1 1 0
9.03001 0.0792439 0.0792439 1 1 0
9.08001 0.0792439 0.0792439 1 1 0
9.13001 0.0792439 0.0792439 1 1 0
9.18001 0.0792439 0.0792439 1 1 0
9.23001 0.079244 0.079244 1 1 0
9.28001 0.079244 0.079244 1 1 0
9.33001 0.079244 0.079244 1 1 0
9.38001 0.079244 0.079244 1 1 0
9.43001 0.079244 0.079244 1 1 0
9.48001 0.079244 0.079244 1 1 0
9.53001 0.079244 0.079244 1 1 0
9.58001 0.079244 0.079244 1 1 0
9.63001 0.0792441 0.0792441 1 1 0
9.68001 0.0792441 0.0792441 1 1 0
9.73001 0.0792441 0.0792441 1 1 0
9.78001 0.0792441 0.0792441 1 1 0
9.83001 0.0792441 0.0792441 1 1 0
9.88001 0.0792441 0.0792441 1 1 0
9.93001 0.0792441 0.0792441 1 1 0
9.98001 0.0792441 0.0792441 1 1 0
10.03 0.0792441 0.0792441 1 1 0
10.08 0.0792441 0.0792441 1 1 0
10.13 0.0792442 0.0792442 1 1 0
10.18 0.0792442 0.0792442 1 1 0
10.23 0.0792442 0.0792442 1 1 0
10.28 0.0792442 0.0792442 1 1 0
10.33 0.0792442 0.0792442 1 1 0
10.38 0.0792442 0.0792442 1 1 0
10.43 0.0792442 0.0792442 1 1 0
10.48 0.0792442 0.0792442 1 1 0
10.53 0.0792442 0.0792442 1 1 0
10.58 0.0792442 0.0792442 1 1 0
10.63 0.0792443 0.0792443 1 1 0
2.88 0.0792389 0.0792389 2 2 0
2.9 0.079239 0.079239 1 2 0
2.92 0.079239 0.079239 1 2 0
2.96 0.0792391 0.0792391 1 2 0
3.01 0.0792392 0.0792392 1 2 0
3.01 0.0792392 0.0792392 1 2 0
3.06 0.0792394 0.0792394 1 2 0
3.11 0.0792395 0.0792395 1 2 0
3.16 0.0792396 0.0792396 1 2 0
3.21 0.0792397 0.0792397 1 2 0
3.26 0.0792398 0.0792398 1 2 0
3.31 0.0792399 0.0792399 1 2 0
3.36 0.07924 0.07924 1 2 0
3.41 0.0792401 0.0792401 1 2 0
3.46 0.0792402 0.0792402 1 2 0
3.51 0.0792402 0.0792402 1 2 0
3.56 0.0792403 0.0792403 1 2 0
3.61 0.0792404 0.0792404 1 2 0
3.66 0.0792405 0.0792405 1 2 0
3.66 0.0792405 0.0792405 1 2 0
3.71 0.0792406 0.0792406 1 2 0
3.76 0.0792406 0.0792406 1 2 0
3.81 0.0792407 0.0792407 1 2 0
3.86 0.0792408 0.0792408 1 2 0
3.91 0.0792409 0.0792409 1 2 0
3.96 0.0792409 0.0792409 1 2 0
4.01 0.079241 0.079241 1 2 0
4.06 0.0792411 0.0792411 1 2 0
4.11 0.0792411 0.0792411 1 2 0
4.16 0.0792412 0.0792412 1 2 0
4.21 0.0792412 0.0792412 1 2 0
4.26 0.0792413 0.0792413 1 2 0
4.31 0.0792414 0.0792414 1 2 0
4.36 0.0792414 0.0792414 1 2 0
4.41 0.0792415 0.0792415 1 2 0
4.46 0.0792415 0.0792415 1 2 0
4.51 0.0792416 0.0792416 1 2 0
4.56 0.0792416 0.0792416 1 2 0
4.61 0.0792417 0.0792417 1 2 0
4.66 0.0792417 0.0792417 1 2 0
4.71 0.0792418 0.0792418 1 2 0
4.76 0.0792418 0.0792418 1 2 0
4.81 0.0792419 0.0792419 1 2 0
4.86 0.0792419 0.0792419 1 2 0
4.91 0.0792419 0.0792419 1 2 0
4.96 0.079242 0.079242 1 2 0
5.01 0.079242 0.079242 1 2 0
5.06 0.0792421 0.0792421 1 2 0
5.11 0.0792421 0.0792421 1 2 0
5.16 0.0792422 0.0792422 1 2 0
5.21 0.0792422 0.0792422 1 2 0
5.26 0.0792422 0.0792422 1 2 0
5.31 0.0792423 0.0792423 1 2 0
5.36 0.0792423 0.0792423 1 2 0
5.41 0.0792423 0.0792423 1 2 0
5.46 0.0792424 0.0792424 1 2 0
5.51 0.0792424 0.0792424 1 2 0
5.56 0.0792425 0.0792425 1 2 0
5.61 0.0792425 0.0792425 1 2 0
5.66 0.0792425 0.0792425 1 2 0
5.71 0.0792425 0.0792425 1 2 0
5.76 0.0792426 0.0792426 1 2 0
5.81 0.0792426 0.0792426 1 2 0
5.86 0.0792426 0.0792426 1 2 0
5.91 0.0792427 0.0792427 1 2 0
5.96 0.0792427 0.0792427 1 2 0
6.01 0.0792427 0.0792427 1 2 0
6.06 0.0792428 0.0792428 1 2 0
6.06 0.0792428 0.0792428 2 2 0
6.11 0.0792428 0.0792428 1 2 0
6.16 0.0792428 0.0792428 1 2 0
6.21 0.0792428 0.0792428 1 2 0
6.26 0.0792429 0.0792429 1 2 0
6.31 0.0792429 0.0792429 1 2 0
6.36 0.0792429 0.0792429 1 2 0
6.41 0.079243 0.079243 1 2 0
6.46 0.079243 0.079243 1 2 0
6.51 0.079243 0.079243 1 2 0
6.56 0.079243 0.079243 1 2 0
6.61 0.0792431 0.0792431 1 2 0
6.66 0.0792431 0.0792431 1 2 0
6.71 0.0792431 0.0792431 1 2 0
6.76 0.0792431 0.0792431 1 2 0
6.81 0.0792431 0.0792431 1 2 0
6.86 0.0792432 0.0792432 1 2 0
6.91 0.0792432 0.0792432 1 2 0
6.96001 0.0792432 0.0792432 1 2 0
7.01001 0.0792432 0.0792432 1 2 0
7.06001 0.0792433 0.0792433 1 2 0
7.11001 0.0792433 0.0792433 1 2 0
7.16001 0.0792433 0.0792433 1 2 0
7.21001 0.0792433 0.0792433 1 2 0
7.26001 0.0792433 0.0792433 1 2 0
7.31001 0.0792434 0.0792434 1 2 0
7.36001 0.0792434 0.0792434 1 2 0
7.41001 0.0792434 0.0792434 1 2 0
7.46001 0.0792434 0.0792434 1 2 0
7.51001 0.0792434 0.0792434 1 2 0
7.56001 0.0792435 0.0792435 1 2 0
7.61001 0.0792435 0.0792435 1 2 0
7.61001 0.0792435 0.0792435 1 2 0
7.66001 0.0792435 0.0792435 1 2 0
7.71001 0.0792435 0.0792435 1 2 0
7.76001 0.0792435 0.0792435 1 2 0
7.81001 0.0792435 0.0792435 1 2 0
7.86001 0.0792436 0.0792436 1 2 0
7.91001 0.0792436 0.0792436 1 2 0
7.96001 0.0792436 0.0792436 1 2 0
8.01001 0.0792436 0.0792436 1 2 0
8.06001 0.0792436 0.0792436 1 2 0
8.11001 0.0792436 0.0792436 1 2 0
8.16001 0.0792437 0.0792437 1 2 0
8.16001 0.0792437 0.0792437 1 2 0
8.21001 0.0792437 0.0792437 1 2 0
8.26001 0.0792437 0.0792437 1 2 0
8.31001 0.0792437 0.0792437 1 2 0
8.36001 0.0792437 0.0792437 1 2 0
8.41001 0.0792437 0.0792437 1 2 0
8.46001 0.0792437 0.0792437 1 2 0
8.51001 0.0792438 0.0792438 1 2 0
8.56001 0.0792438 0.0792438 1 2 0
8.61001 0.0792438 0.0792438 1 2 0
8.66001 0.0792438 0.0792438 1 2 0
8.71001 0.0792438 0.0792438 1 2 0
8.71001 0.0792438 0.0792438 1 2 0
8.76001 0.0792438 0.0792438 1 2 0
8.81001 0.0792438 0.0792438 1 2 0
8.86001 0.0792439 0.0792439 1 2 0
8.91001 0.0792439 0.0792439 1 2 0
8.96001 0.0792439 0.0792439 1 2 0
9.01001 0.0792439 0.0792439 1 2 0
9.01001 0.0792439 0.0792439 1 2 0
9.06001 0.0792439 0.0792439 1 2 0
9.11001 0.0792439 0.0792439 1 2 0
9.16001 0.0792439 0.0792439 1 2 0
9.21001 0.079244 0.079244 1 2 0
9.26001 0.079244 0.079244 1 2 0
9.31001 0.079244 0.079244 1 2 0
9.36001 0.079244 0.079244 1 2 0
9.41001 0.079244 0.079244 1 2 0
9.46001 0.079244 0.079244 1 2 0
9.51001 0.079244 0.079244 1 2 0
9.56001 0.079244 0.079244 1 2 0
9.61001 0.079244 0.079244 1 2 0
9.66001 0.0792441 0.0792441 1 2 0
9.71001 0.0792441 0.0792441 1 2 0
9.76001 0.0792441 0.0792441 1 2 0
9.81001 0.0792441 0.0792441 1 2 0
9.86001 0.0792441 0.0792441 1 2 0
9.91001 0.0792441 0.0792441 1 2 0
9.96001 0.0792441 0.0792441 1 2 0
10.01 0.0792441 0.0792441 1 2 0
10.06 0.0792441 0.0792441 1 2 0
10.11 0.0792442 0.0792442 1 2 0
10.16 0.0792442 0.0792442 1 2 0
10.21 0.0792442 0.0792442 1 2 0
10.26 0.0792442 0.0792442 1 2 0
10.31 0.0792442 0.0792442 1 2 0
10.36 0.0792442 0.0792442 1 2 0
10.41 0.0792442 0.0792442 1 2 0
10.46 0.0792442 0.0792442 1 2 0
10.51 0.0792442 0.0792442 1 2 0
10.56 0.0792442 0.0792442 1 2 0
10.61 0.0792443 0.0792443 1 2 0
10.66 0.0792443 0.0792443 1 2 0
10.71 0.0792443 0.0792443 1 2 0
10.76 0.0792443 0.0792443 1 2 0
10.81 0.0792443 0.0792443 1 2 0
10.86 0.0792443 0.0792443 1 2 0
10.91 0.0792443 0.0792443 1 2 0
10.96 0.0792443 0.0792443 1 2 0
11.01 0.0792443 0.0792443 1 2 0
11.06 0.0792443 0.0792443 1 2 0
11.11 0.0792443 0.0792443 1 2 0
11.16 0.0792444 0.0792444 1 2 0
11.21 0.0792444 0.0792444 1 2 0
11.26 0.0792444 0.0792444 1 2 0
11.31 0.0792444 0.0792444 1 2 0
11.36 0.0792444 0.0792444 1 2 0
11.41 0.0792444 0.0792444 1 2 0
11.46 0.0792444 0.0792444 1 2 0
11.51 0.0792444 0.0792444 1 2 0
11.56 0.0792444 0.0792444 1 2 0
11.61 0.0792444 0.0792444 1 2 0
11.66 0.0792444 0.0792444 1 2 0
11.71 0.0792444 0.0792444 1 2 0
11.76 0.0792444 0.0792444 1 2 0
11.81 0.0792445 0.0792445 1 2 0
11.86 0.0792445 0.0792445 1 2 0
11.91 0.0792445 0.0792445 1 2 0
11.96 0.0792445 0.0792445 1 2 0
12.01 0.0792445 0.0792445 1 2 0
12.06 0.0792445 0.0792445 1 2 0
12.11 0.0792445 0.0792445 1 2 0
12.16 0.0792445 0.0792445 1 2 0
12.21 0.0792445 0.0792445 1 2 0
12.26 0.0792445 0.0792445 1 2 0
12.31 0.0792445 0.0792445 1 2 0
12.36 0.0792445 0.0792445 1 2 0
12.41 0.0792445 0.0792445 1 2 0
2.88 0.0792389 0.0792389 2 2 0
2.86 0.0792389 0.0792389 1 2 0
2.84 0.0792388 0.0792388 1 2 0
2.8 0.0792387 0.0792387 1 2 0
2.75 0.0792386 0.0792386 1 2 0
2.7 0.0792384 0.0792384 1 2 0
2.7 0.0792384 0.0792384 1 2 0
2.65 0.0792383 0.0792383 1 2 0
2.6 0.0792381 0.0792381 1 2 0
2.55 0.079238 0.079238 1 2 0
2.5 0.0792378 0.0792378 1 2 0
2.45 0.0792376 0.0792376 1 2 0
2.4 0.0792375 0.0792375 1 2 0
2.35 0.0792373 0.0792373 1 2 0
2.3 0.0792371 0.0792371 1 2 0
2.25 0.0792369 0.0792369 1 2 0
2.2 0.0792367 0.0792367 1 2 0
2.15 0.0792364 0.0792364 1 2 0
2.1 0.0792362 0.0792362 1 2 0
2.05 0.079236 0.079236 1 2 0
2 0.0792357 0.0792357 1 2 0
1.95 0.0792354 0.0792354 1 2 0
1.9 0.0792352 0.0792352 1 2 0
1.85 0.0792349 0.0792349 1 2 0
1.8 0.0792345 0.0792345 1 2 0
1.75 0.0792342 0.0792342 1 2 0
1.7 0.0792339 0.0792339 1 2 0
1.65 0.0792335 0.0792335 1 2 0
1.6 0.0792331 0.0792331 1 2 0
1.55 0.0792327 0.0792327 1 2 0
1.5 0.0792322 0.0792322 1 2 0
1.45 0.0792317 0.0792317 1 2 0
1.4 0.0792312 0.0792312 1 2 0
1.35 0.0792306 0.0792306 1 2 0
1.3 0.07923 0.07923 1 2 0
1.25 0.0792294 0.0792294 1 2 0
1.2 0.0792287 0.0792287 1 2 0
1.15 0.0792279 0.0792279 1 2 0
1.1 0.0792271 0.0792271 1 2 0
1.05 0.0792262 0.0792262 1 2 0
1 0.0792252 0.0792252 1 2 0
0.95 0.0792241 0.0792241 1 2 0
0.9 0.0792229 0.0792229 1 2 0
0.85 0.0792215 0.0792215 1 2 0
0.8 0.0792199 0.0792199 1 2 0
0.75 0.0792182 0.0792182 1 2 0
0.7 0.0792162 0.0792162 1 2 0
0.65 0.0792139 0.0792139 1 2 0
0.6 0.0792112 0.0792112 1 2 0
0.55 0.079208 0.079208 1 2 0
0.5 0.0792042 0.0792042 1 2 0
0.45 0.0791995 0.0791995 1 2 0
0.4 0.0791937 0.0791937 1 2 0
0.35 0.0791862 0.0791862 1 2 0
0.3 0.0791763 0.0791763 1 2 0
0.25 0.0791624 0.0791624 1 2 0
0.2 0.0791415 0.0791415 1 2 0
0.15 0.0791207 0.0791207 1 2 0
0.0999998 0.0790381 0.0790381 1 2 0
0.0500002 0.0788352 0.0788352 1 2 0
0.000934999 0.0692121 0.0692121 1 2 0
-0.0481306 0.0595907 0.0595907 1 2 0
4.03 0.079241 0.079241 2 3 0
4.05 0.079241 0.079241 1 3 0
4.07 0.0792411 0.0792411 1 3 0
4.11 0.0792411 0.0792411 1 3 0
4.16 0.0792412 0.0792412 1 3 0
4.16 0.0792412 0.0792412 1 3 0
4.21 0.0792412 0.0792412 1 3 0
4.26 0.0792413 0.0792413 1 3 0
4.31 0.0792414 0.0792414 1 3 0
4.36 0.0792414 0.0792414 1 3 0
4.41 0.0792415 0.0792415 1 3 0
4.46 0.0792415 0.0792415 1 3 0
4.51 0.0792416 0.0792416 1 3 0
4.56 0.0792416 0.0792416 1 3 0
4.61 0.0792417 0.0792417 1 3 0
4.66 0.0792417 0.0792417 1 3 0
4.71 0.0792418 0.0792418 1 3 0
4.76 0.0792418 0.0792418 1 3 0
4.81 0.0792419 0.0792419 1 3 0
4.86 0.0792419 0.0792419 1 3 0
4.91 0.0792419 0.0792419 1 3 0
4.96 0.079242 0.079242 1 3 0
5.01 0.079242 0.079242 1 3 0
5.06 0.0792421 0.0792421 1 3 0
5.11 0.0792421 0.0792421 1 3 0
5.16 0.0792422 0.0792422 1 3 0
5.21 0.0792422 0.0792422 1 3 0
5.26 0.0792422 0.0792422 1 3 0
5.31 0.0792423 0.0792423 1 3 0
5.36 0.0792423 0.0792423 1 3 0
5.41 0.0792423 0.0792423 1 3 0
5.46 0.0792424 0.0792424 1 3 0
5.51 0.0792424 0.0792424 1 3 0
5.56 0.0792425 0.0792425 1 3 0
5.61 0.0792425 0.0792425 1 3 0
5.66 0.0792425 0.0792425 1 3 0
5.71 0.0792425 0.0792425 1 3 0
5.76 0.0792426 0.0792426 1 3 0
5.81 0.0792426 0.0792426 1 3 0
5.86 0.0792426 0.0792426 1 3 0
5.91 0.0792427 0.0792427 1 3 0
5.96 0.0792427 0.0792427 1 3 0
6.01 0.0792427 0.0792427 1 3 0
6.06 0.0792428 0.0792428 1 3 0
6.11 0.0792428 0.0792428 1 3 0
6.16 0.0792428 0.0792428 1 3 0
6.16 0.0792428 0.0792428 1 3 0
6.21 0.0792428 0.0792428 1 3 0
6.26 0.0792429 0.0792429 1 3 0
6.31 0.0792429 0.0792429 1 3 0
6.36 0.0792429 0.0792429 1 3 0
6.41 0.079243 0.079243 1 3 0
6.46 0.079243 0.079243 1 3 0
6.51 0.079243 0.079243 1 3 0
6.56 0.079243 0.079243 1 3 0
6.61 0.0792431 0.0792431 1 3 0
6.66 0.0792431 0.0792431 1 3 0
6.71 0.0792431 0.0792431 1 3 0
6.76 0.0792431 0.0792431 1 3 0
6.81 0.0792431 0.0792431 1 3 0
6.86 0.0792432 0.0792432 1 3 0
6.91 0.0792432 0.0792432 1 3 0
6.96 0.0792432 0.0792432 1 3 0
7.01 0.0792432 0.0792432 1 3 0
7.06 0.0792433 0.0792433 1 3 0
7.11 0.0792433 0.0792433 1 3 0
7.16 0.0792433 0.0792433 1 3 0
7.21 0.0792433 0.0792433 1 3 0
7.26 0.0792433 0.0792433 1 3 0
7.31 0.0792434 0.0792434 1 3 0
7.36 0.0792434 0.0792434 1 3 0
7.41 0.0792434 0.0792434 1 3 0
7.46 0.0792434 0.0792434 1 3 0
7.51 0.0792434 0.0792434 1 3 0
7.56 0.0792435 0.0792435 1 3 0
7.61 0.0792435 0.0792435 1 3 0
7.66 0.0792435 0.0792435 1 3 0
7.71 0.0792435 0.0792435 1 3 0
7.76 0.0792435 0.0792435 1 3 0
7.81 0.0792435 0.0792435 1 3 0
7.86 0.0792436 0.0792436 1 3 0
7.91 0.0792436 0.0792436 1 3 0
7.96 0.0792436 0.0792436 1 3 0
8.01 0.0792436 0.0792436 1 3 0
8.06 0.0792436 0.0792436 1 3 0
8.11 0.0792436 0.0792436 1 3 0
8.16 0.0792437 0.0792437 1 3 0
8.21 0.0792437 0.0792437 1 3 0
8.26 0.0792437 0.0792437 1 3 0
8.31 0.0792437 0.0792437 1 3 0
8.36 0.0792437 0.0792437 1 3 0
8.41001 0.0792437 0.0792437 1 3 0
8.46001 0.0792437 0.0792437 1 3 0
8.51001 0.0792438 0.0792438 1 3 0
8.56001 0.0792438 0.0792438 1 3 0
8.61001 0.0792438 0.0792438 1 3 0
8.66001 0.0792438 0.0792438 1 3 0
8.71001 0.0792438 0.0792438 1 3 0
8.76001 0.0792438 0.0792438 1 3 0
8.81001 0.0792438 0.0792438 1 3 0
8.86001 0.0792439 0.0792439 1 3 0
8.91001 0.0792439 0.0792439 1 3 0
8.96001 0.0792439 0.0792439 1 3 0
9.01001 0.0792439 0.0792439 1 3 0
9.06001 0.0792439 0.0792439 1 3 0
9.11001 0.0792439 0.0792439 1 3 0
9.16001 0.0792439 0.0792439 1 3 0
9.21001 0.079244 0.079244 1 3 0
9.26001 0.079244 0.079244 1 3 0
9.31001 0.079244 0.079244 1 3 0
9.36001 0.079244 0.079244 1 3 0
9.36001 0.079244 0.079244 1 3 0
9.41001 0.079244 0.079244 1 3 0
9.46001 0.079244 0.079244 1 3 0
9.51001 0.079244 0.079244 1 3 0
9.56001 0.079244 0.079244 1 3 0
9.61001 0.079244 0.079244 1 3 0
9.66001 0.0792441 0.0792441 1 3 0
9.71001 0.0792441 0.0792441 1 3 0
9.76001 0.0792441 0.0792441 1 3 0
9.81001 0.0792441 0.0792441 1 3 0
9.86001 0.0792441 0.0792441 1 3 0
9.86001 0.0792441 0.0792441 1 3 0
9.91001 0.0792441 0.0792441 1 3 0
9.96001 0.0792441 0.0792441 1 3 0
10.01 0.0792441 0.0792441 1 3 0
10.06 0.0792441 0.0792441 1 3 0
10.11 0.0792442 0.0792442 1 3 0
10.16 0.0792442 0.0792442 1 3 0
10.16 0.0792442 0.0792442 1 3 0
10.21 0.0792442 0.0792442 1 3 0
10.26 0.0792442 0.0792442 1 3 0
10.31 0.0792442 0.0792442 1 3 0
10.36 0.0792442 0.0792442 1 3 0
10.41 0.0792442 0.0792442 1 3 0
10.46 0.0792442 0.0792442 1 3 0
10.51 0.0792442 0.0792442 1 3 0
10.56 0.0792442 0.0792442 1 3 0
10.61 0.0792443 0.0792443 1 3 0
10.66 0.0792443 0.0792443 1 3 0
10.71 0.0792443 0.0792443 1 3 0
10.76 0.0792443 0.0792443 1 3 0
10.81 0.0792443 0.0792443 1 3 0
10.86 0.0792443 0.0792443 1 3 0
10.91 0.0792443 0.0792443 1 3 0
10.96 0.0792443 0.0792443 1 3 0
11.01 0.0792443 0.0792443 1 3 0
11.06 0.0792443 0.0792443 1 3 0
11.11 0.0792443 0.0792443 1 3 0
11.16 0.0792444 0.0792444 1 3 0
11.16 0.0792444 0.0792444 1 3 0
11.21 0.0792444 0.0792444 1 3 0
11.26 0.0792444 0.0792444 1 3 0
11.31 0.0792444 0.0792444 1 3 0
11.36 0.0792444 0.0792444 1 3 0
11.41 0.0792444 0.0792444 1 3 0
11.46 0.0792444 0.0792444 1 3 0
11.51 0.0792444 0.0792444 1 3 0
11.56 0.0792444 0.0792444 1 3 0
11.56 0.0792444 0.0792444 1 3 0
11.585 0.0792444 0.0792444 1 3 0
11.635 0.0792444 0.0792444 1 3 0
11.685 0.0792444 0.0792444 1 3 0
11.735 0.0792444 0.0792444 1 3 0
11.785 0.0792445 0.0792445 1 3 0
11.835 0.0792445 0.0792445 1 3 0
11.885 0.0792445 0.0792445 1 3 0
11.935 0.0792445 0.0792445 1 3 0
11.985 0.0792445 0.0792445 1 3 0
12.035 0.0792445 0.0792445 1 3 0
12.085 0.0792445 0.0792445 1 3 0
12.135 0.0792445 0.0792445 1 3 0
12.185 0.0792445 0.0792445 1 3 0
12.235 0.0792445 0.0792445 1 3 0
12.285 0.0792445 0.0792445 1 3 0
12.335 0.0792445 0.0792445 1 3 0
12.385 0.0792445 0.0792445 1 3 0
12.435 0.0792445 0.0792445 1 3 0
12.485 0.0792446 0.0792446 1 3 0
12.535 0.0792446 0.0792446 1 3 0
12.585 0.0792446 0.0792446 1 3 0
12.635 0.0792446 0.0792446 1 3 0
12.685 0.0792446 0.0792446 1 3 0
12.735 0.0792446 0.0792446 1 3 0
12.785 0.0792446 0.0792446 1 3 0
12.835 0.0792446 0.0792446 1 3 0
12.885 0.0792446 0.0792446 1 3 0
12.935 0.0792446 0.0792446 1 3 0
12.985 0.0792446 0.0792446 1 3 0
13.035 0.0792446 0.0792446 1 3 0
13.085 0.0792446 0.0792446 1 3 0
13.135 0.0792446 0.0792446 1 3 0
13.185 0.0792446 0.0792446 1 3 0
13.235 0.0792446 0.0792446 1 3 0
13.285 0.0792447 0.0792447 1 3 0
13.335 0.0792447 0.0792447 1 3 0
13.385 0.0792447 0.0792447 1 3 0
13.435 0.0792447 0.0792447 1 3 0
13.485 0.0792447 0.0792447 1 3 0
13.535 0.0792447 0.0792447 1 3 0
4.03 0.079241 0.079241 2 3 0
4.01 0.079241 0.079241 1 3 0
3.99 0.079241 0.079241 1 3 0
3.95 0.0792409 0.0792409 1 3 0
3.9 0.0792408 0.0792408 1 3 0
3.85 0.0792408 0.0792408 1 3 0
3.8 0.0792407 0.0792407 1 3 0
3.8 0.0792407 0.0792407 1 3 0
3.75 0.0792406 0.0792406 1 3 0
3.7 0.0792405 0.0792405 1 3 0
3.65 0.0792405 0.0792405 1 3 0
3.65 0.0792405 0.0792405 1 3 0
3.6 0.0792404 0.0792404 1 3 0
3.55 0.0792403 0.0792403 1 3 0
3.5 0.0792402 0.0792402 1 3 0
3.45 0.0792401 0.0792401 1 3 0
3.4 0.07924 0.07924 1 3 0
3.35 0.07924 0.07924 1 3 0
3.3 0.0792399 0.0792399 1 3 0
3.25 0.0792398 0.0792398 1 3 0
3.2 0.0792397 0.0792397 1 3 0
3.15 0.0792396 0.0792396 1 3 0
3.1 0.0792394 0.0792394 1 3 0
3.05 0.0792393 0.0792393 1 3 0
3 0.0792392 0.0792392 1 3 0
2.95 0.0792391 0.0792391 1 3 0
2.9 0.079239 0.079239 1 3 0
2.85 0.0792388 0.0792388 1 3 0
2.8 0.0792387 0.0792387 1 3 0
2.75 0.0792386 0.0792386 1 3 0
2.7 0.0792384 0.0792384 1 3 0
2.65 0.0792383 0.0792383 1 3 0
2.6 0.0792381 0.0792381 1 3 0
2.55 0.079238 0.079238 1 3 0
2.5 0.0792378 0.0792378 1 3 0
2.45 0.0792376 0.0792376 1 3 0
2.4 0.0792375 0.0792375 1 3 0
2.35 0.0792373 0.0792373 1 3 0
2.3 0.0792371 0.0792371 1 3 0
2.25 0.0792369 0.0792369 1 3 0
2.2 0.0792367 0.0792367 1 3 0
2.15 0.0792364 0.0792364 1 3 0
2.1 0.0792362 0.0792362 1 3 0
2.05 0.079236 0.079236 1 3 0
2 0.0792357 0.0792357 1 3 0
1.95 0.0792354 0.0792354 1 3 0
1.9 0.0792352 0.0792352 1 3 0
1.85 0.0792349 0.0792349 1 3 0
1.8 0.0792345 0.0792345 1 3 0
1.75 0.0792342 0.0792342 1 3 0
1.7 0.0792339 0.0792339 1 3 0
1.65 0.0792335 0.0792335 1 3 0
1.6 0.0792331 0.0792331 1 3 0
1.55 0.0792327 0.0792327 1 3 0
1.5 0.0792322 0.0792322 1 3 0
1.45 0.0792317 0.0792317 1 3 0
1.4 0.0792312 0.0792312 1 3 0
1.35 0.0792306 0.0792306 1 3 0
1.3 0.07923 0.07923 1 3 0
1.25 0.0792294 0.0792294 1 3 0
1.2 0.0792287 0.0792287 1 3 0
1.15 0.079228 0.079228 1 3 0
1.1 0.0792271 0.0792271 1 3 0
1.05 0.0792262 0.0792262 1 3 0
1 0.0792252 0.0792252 1 3 0
0.95 0.0792241 0.0792241 1 3 0
0.9 0.0792229 0.0792229 1 3 0
0.85 0.0792216 0.0792216 1 3 0
0.8 0.0792199 0.0792199 1 3 0
0.75 0.0792182 0.0792182 1 3 0
0.7 0.0792162 0.0792162 1 3 0
0.65 0.0792139 0.0792139 1 3 0
0.6 0.0792112 0.0792112 1 3 0
0.55 0.079208 0.079208 1 3 0
0.5 0.0792042 0.0792042 1 3 0
0.45 0.0791995 0.0791995 1 3 0
0.4 0.0791937 0.0791937 1 3 0
0.35 0.0791862 0.0791862 1 3 0
0.3 0.0791763 0.0791763 1 3 0
0.25 0.0791624 0.0791624 1 3 0
0.2 0.0791415 0.0791415 1 3 0
0.15 0.0791069 0.0791069 1 3 0
0.1 0.0790381 0.0790381 1 3 0
0.0500004 0.0788352 0.0788352 1 3 0
0.000854676 0.0696318 0.0696318 1 3 0
-0.0482909 0.0604278 0.0604278 1 3 0
5.48 0.0792424 0.0792424 2 4 0
5.5 0.0792424 0.0792424 1 4 0
5.52 0.0792424 0.0792424 1 4 0
5.56 0.0792425 0.0792425 1 4 0
5.61 0.0792425 0.0792425 1 4 0
5.66 0.0792425 0.0792425 1 4 0
5.71 0.0792425 0.0792425 1 4 0
5.76 0.0792426 0.0792426 1 4 0
5.81 0.0792426 0.0792426 1 4 0
5.86 0.0792426 0.0792426 1 4 0
5.91 0.0792427 0.0792427 1 4 0
5.96 0.0792427 0.0792427 1 4 0
6.01 0.0792427 0.0792427 1 4 0
6.06 0.0792428 0.0792428 1 4 0
6.11 0.0792428 0.0792428 1 4 0
6.16 0.0792428 0.0792428 1 4 0
6.21 0.0792428 0.0792428 1 4 0
6.26 0.0792429 0.0792429 1 4 0
6.31 0.0792429 0.0792429 1 4 0
6.36 0.0792429 0.0792429 1 4 0
6.41 0.079243 0.079243 1 4 0
6.46 0.079243 0.079243 1 4 0
6.51 0.079243 0.079243 1 4 0
6.56 0.079243 0.079243 1 4 0
6.61 0.0792431 0.0792431 1 4 0
6.66 0.0792431 0.0792431 1 4 0
6.71 0.0792431 0.0792431 1 4 0
6.76 0.0792431 0.0792431 1 4 0
6.81 0.0792431 0.0792431 1 4 0
6.86 0.0792432 0.0792432 1 4 0
6.91 0.0792432 0.0792432 1 4 0
6.91 0.0792432 0.0792432 1 4 0
6.96 0.0792432 0.0792432 1 4 0
7.01 0.0792432 0.0792432 1 4 0
7.06 0.0792433 0.0792433 1 4 0
7.11 0.0792433 0.0792433 1 4 0
7.16 0.0792433 0.0792433 1 4 0
7.21 0.0792433 0.0792433 1 4 0
7.26 0.0792433 0.0792433 1 4 0
7.31 0.0792434 0.0792434 1 4 0
7.31 0.0792434 0.0792434 1 4 0
7.36 0.0792434 0.0792434 1 4 0
7.41 0.0792434 0.0792434 1 4 0
7.46 0.0792434 0.0792434 1 4 0
7.51 0.0792434 0.0792434 1 4 0
7.56 0.0792435 0.0792435 1 4 0
7.61 0.0792435 0.0792435 1 4 0
7.66 0.0792435 0.0792435 1 4 0
7.71 0.0792435 0.0792435 1 4 0
7.76 0.0792435 0.0792435 1 4 0
7.81 0.0792435 0.0792435 1 4 0
7.86 0.0792436 0.0792436 1 4 0
7.91 0.0792436 0.0792436 1 4 0
7.96 0.0792436 0.0792436 1 4 0
8.01 0.0792436 0.0792436 1 4 0
8.06 0.0792436 0.0792436 1 4 0
8.11 0.0792436 0.0792436 1 4 0
8.11 0.0792436 0.0792436 1 4 0
8.16 0.0792437 0.0792437 1 4 0
8.21 0.0792437 0.0792437 1 4 0
8.26 0.0792437 0.0792437 1 4 0
8.31 0.0792437 0.0792437 1 4 0
8.36 0.0792437 0.0792437 1 4 0
8.41 0.0792437 0.0792437 1 4 0
8.46 0.0792437 0.0792437 1 4 0
8.51 0.0792438 0.0792438 1 4 0
8.56 0.0792438 0.0792438 1 4 0
8.61 0.0792438 0.0792438 1 4 0
8.66 0.0792438 0.0792438 1 4 0
8.71 0.0792438 0.0792438 1 4 0
8.76 0.0792438 0.0792438 1 4 0
8.81 0.0792438 0.0792438 1 4 0
8.86 0.0792439 0.0792439 1 4 0
8.91 0.0792439 0.0792439 1 4 0
8.96 0.0792439 0.0792439 1 4 0
9.01 0.0792439 0.0792439 1 4 0
9.06 0.0792439 0.0792439 1 4 0
9.06 0.0792439 0.0792439 1 4 0
9.11 0.0792439 0.0792439 1 4 0
9.16 0.0792439 0.0792439 1 4 0
9.21 0.079244 0.079244 1 4 0
9.26 0.079244 0.079244 1 4 0
9.31 0.079244 0.079244 1 4 0
9.36 0.079244 0.079244 1 4 0
9.41 0.079244 0.079244 1 4 0
9.46 0.079244 0.079244 1 4 0
9.51 0.079244 0.079244 1 4 0
9.56 0.079244 0.079244 1 4 0
9.61 0.079244 0.079244 1 4 0
9.66 0.0792441 0.0792441 1 4 0
9.71 0.0792441 0.0792441 1 4 0
9.76 0.0792441 0.0792441 1 4 0
9.81 0.0792441 0.0792441 1 4 0
9.86 0.0792441 0.0792441 1 4 0
9.91 0.0792441 0.0792441 1 4 0
9.96 0.0792441 0.0792441 1 4 0
10.01 0.0792441 0.0792441 1 4 0
10.06 0.0792441 0.0792441 1 4 0
10.11 0.0792442 0.0792442 1 4 0
10.16 0.0792442 0.0792442 1 4 0
10.21 0.0792442 0.0792442 1 4 0
10.26 0.0792442 0.0792442 1 4 0
10.31 0.0792442 0.0792442 1 4 0
10.36 0.0792442 0.0792442 1 4 0
10.36 0.0792442 0.0792442 1 4 0
10.41 0.0792442 0.0792442 1 4 0
10.46 0.0792442 0.0792442 1 4 0
10.51 0.0792442 0.0792442 1 4 0
10.56 0.0792442 0.0792442 1 4 0
10.61 0.0792443 0.0792443 1 4 0
10.66 0.0792443 0.0792443 1 4 0
10.71 0.0792443 0.0792443 1 4 0
10.76 0.0792443 0.0792443 1 4 0
10.81 0.0792443 0.0792443 1 4 0
10.86 0.0792443 0.0792443 1 4 0
10.91 0.0792443 0.0792443 1 4 0
10.96 0.0792443 0.0792443 1 4 0
11.01 0.0792443 0.0792443 1 4 0
11.06 0.0792443 0.0792443 1 4 0
11.11 0.0792443 0.0792443 1 4 0
11.16 0.0792444 0.0792444 1 4 0
11.16 0.0792444 0.0792444 1 4 0
11.21 0.0792444 0.0792444 1 4 0
11.26 0.0792444 0.0792444 1 4 0
11.31 0.0792444 0.0792444 1 4 0
11.36 0.0792444 0.0792444 1 4 0
11.41 0.0792444 0.0792444 1 4 0
11.46 0.0792444 0.0792444 1 4 0
11.51 0.0792444 0.0792444 1 4 0
11.56 0.0792444 0.0792444 1 4 0
11.61 0.0792444 0.0792444 1 4 0
11.66 0.0792444 0.0792444 1 4 0
11.71 0.0792444 0.0792444 1 4 0
11.76 0.0792444 0.0792444 1 4 0
11.81 0.0792445 0.0792445 1 4 0
11.81 0.0792445 0.0792445 1 4 0
11.86 0.0792445 0.0792445 1 4 0
11.86 0.0792445 0.0792445 1 4 0
11.91 0.0792445 0.0792445 1 4 0
11.96 0.0792445 0.0792445 1 4 0
12.01 0.0792445 0.0792445 1 4 0
12.06 0.0792445 0.0792445 1 4 0
12.11 0.0792445 0.0792445 1 4 0
12.16 0.0792445 0.0792445 1 4 0
12.21 0.0792445 0.0792445 1 4 0
12.21 0.0792445 0.0792445 1 4 0
12.26 0.0792445 0.0792445 1 4 0
12.31 0.0792445 0.0792445 1 4 0
12.36 0.0792445 0.0792445 1 4 0
12.41 0.0792445 0.0792445 1 4 0
12.46 0.0792445 0.0792445 1 4 0
12.51 0.0792446 0.0792446 1 4 0
12.56 0.0792446 0.0792446 1 4 0
12.61 0.0792446 0.0792446 1 4 0
12.66 0.0792446 0.0792446 1 4 0
12.71 0.0792446 0.0792446 1 4 0
12.76 0.0792446 0.0792446 1 4 0
12.81 0.0792446 0.0792446 1 4 0
12.86 0.0792446 0.0792446 1 4 0
12.91 0.0792446 0.0792446 1 4 0
12.96 0.0792446 0.0792446 1 4 0
13.01 0.0792446 0.0792446 1 4 0
13.06 0.0792446 0.0792446 1 4 0
13.11 0.0792446 0.0792446 1 4 0
13.16 0.0792446 0.0792446 1 4 0
13.21 0.0792446 0.0792446 1 4 0
13.26 0.0792447 0.0792447 1 4 0
13.31 0.0792447 0.0792447 1 4 0
13.36 0.0792447 0.0792447 1 4 0
13.41 0.0792447 0.0792447 1 4 0
13.46 0.0792447 0.0792447 1 4 0
13.51 0.0792447 0.0792447 1 4 0
13.56 0.0792447 0.0792447 1 4 0
13.61 0.0792447 0.0792447 1 4 0
13.66 0.0792447 0.0792447 1 4 0
13.71 0.0792447 0.0792447 1 4 0
13.76 0.0792447 0.0792447 1 4 0
13.81 0.0792447 0.0792447 1 4 0
13.86 0.0792447 0.0792447 1 4 0
13.91 0.0792447 0.0792447 1 4 0
13.96 0.0792447 0.0792447 1 4 0
14.01 0.0792447 0.0792447 1 4 0
14.06 0.0792447 0.0792447 1 4 0
14.11 0.0792447 0.0792447 1 4 0
14.16 0.0792448 0.0792448 1 4 0
14.21 0.0792448 0.0792448 1 4 0
14.26 0.0792448 0.0792448 1 4 0
14.31 0.0792448 0.0792448 1 4 0
14.36 0.0792448 0.0792448 1 4 0
14.41 0.0792448 0.0792448 1 4 0
14.46 0.0792448 0.0792448 1 4 0
14.51 0.0792448 0.0792448 1 4 0
14.56 0.0792448 0.0792448 1 4 0
14.61 0.0792448 0.0792448 1 4 0
14.66 0.0792448 0.0792448 1 4 0
14.71 0.0792448 0.0792448 1 4 0
14.76 0.0792448 0.0792448 1 4 0
14.81 0.0792448 0.0792448 1 4 0
14.86 0.0792448 0.0792448 1 4 0
14.91 0.0792448 0.0792448 1 4 0
5.48 0.0792424 0.0792424 2 4 0
5.46 0.0792424 0.0792424 1 4 0
5.44 0.0792424 0.0792424 1 4 0
5.4 0.0792423 0.0792423 1 4 0
5.35 0.0792423 0.0792423 1 4 0
5.3 0.0792423 0.0792423 1 4 0
5.25 0.0792422 0.0792422 1 4 0
5.2 0.0792422 0.0792422 1 4 0
5.15 0.0792421 0.0792421 1 4 0
5.1 0.0792421 0.0792421 1 4 0
5.05 0.0792421 0.0792421 1 4 0
5 0.079242 0.079242 1 4 0
4.95 0.079242 0.079242 1 4 0
4.9 0.0792419 0.0792419 1 4 0
4.85 0.0792419 0.0792419 1 4 0
4.8 0.0792419 0.0792419 1 4 0
4.75 0.0792418 0.0792418 1 4 0
4.7 0.0792418 0.0792418 1 4 0
4.65 0.0792417 0.0792417 1 4 0
4.65 0.0792417 0.0792417 1 4 0
4.6 0.0792417 0.0792417 1 4 0
4.55 0.0792416 0.0792416 1 4 0
4.5 0.0792416 0.0792416 1 4 0
4.45 0.0792415 0.0792415 1 4 0
4.4 0.0792415 0.0792415 1 4 0
4.35 0.0792414 0.0792414 1 4 0
4.35 0.0792414 0.0792414 1 4 0
4.3 0.0792413 0.0792413 1 4 0
4.25 0.0792413 0.0792413 1 4 0
4.2 0.0792412 0.0792412 1 4 0
4.15 0.0792412 0.0792412 1 4 0
4.1 0.0792411 0.0792411 1 4 0
4.05 0.079241 0.079241 1 4 0
4 0.079241 0.079241 1 4 0
3.95 0.0792409 0.0792409 1 4 0
3.9 0.0792408 0.0792408 1 4 0
3.85 0.0792408 0.0792408 1 4 0
3.8 0.0792407 0.0792407 1 4 0
3.75 0.0792406 0.0792406 1 4 0
3.7 0.0792405 0.0792405 1 4 0
3.65 0.0792405 0.0792405 1 4 0
3.6 0.0792404 0.0792404 1 4 0
3.55 0.0792403 0.0792403 1 4 0
3.5 0.0792402 0.0792402 1 4 0
3.45 0.0792401 0.0792401 1 4 0
3.4 0.07924 0.07924 1 4 0
3.35 0.07924 0.07924 1 4 0
3.3 0.0792399 0.0792399 1 4 0
3.25 0.0792398 0.0792398 1 4 0
3.2 0.0792397 0.0792397 1 4 0
3.15 0.0792396 0.0792396 1 4 0
3.1 0.0792394 0.0792394 1 4 0
3.05 0.0792393 0.0792393 1 4 0
3 0.0792392 0.0792392 1 4 0
2.95 0.0792391 0.0792391 1 4 0
2.9 0.079239 0.079239 1 4 0
2.85 0.0792388 0.0792388 1 4 0
2.8 0.0792387 0.0792387 1 4 0
2.75 0.0792386 0.0792386 1 4 0
2.75 0.0792386 0.0792386 1 4 0
2.7 0.0792384 0.0792384 1 4 0
2.65 0.0792383 0.0792383 1 4 0
2.6 0.0792381 0.0792381 1 4 0
2.55 0.079238 0.079238 1 4 0
2.5 0.0792378 0.0792378 1 4 0
2.45 0.0792376 0.0792376 1 4 0
2.4 0.0792375 0.0792375 1 4 0
2.35 0.0792373 0.0792373 1 4 0
2.3 0.0792371 0.0792371 1 4 0
2.25 0.0792369 0.0792369 1 4 0
2.2 0.0792367 0.0792367 1 4 0
2.15 0.0792364 0.0792364 1 4 0
2.1 0.0792362 0.0792362 1 4 0
2.05 0.079236 0.079236 1 4 0
2 0.0792357 0.0792357 1 4 0
1.95 0.0792354 0.0792354 1 4 0
1.9 0.0792352 0.0792352 1 4 0
1.85 0.0792349 0.0792349 1 4 0
1.8 0.0792345 0.0792345 1 4 0
1.75 0.0792342 0.0792342 1 4 0
1.7 0.0792339 0.0792339 1 4 0
1.65 0.0792335 0.0792335 1 4 0
1.6 0.0792331 0.0792331 1 4 0
1.55 0.0792327 0.0792327 1 4 0
1.5 0.0792322 0.0792322 1 4 0
1.45 0.0792317 0.0792317 1 4 0
1.4 0.0792312 0.0792312 1 4 0
1.35 0.0792306 0.0792306 1 4 0
1.3 0.07923 0.07923 1 4 0
1.25 0.0792294 0.0792294 1 4 0
1.2 0.0792287 0.0792287 1 4 0
1.15 0.0792279 0.0792279 1 4 0
1.1 0.0792271 0.0792271 1 4 0
1.05 0.0792262 0.0792262 1 4 0
1 0.0792252 0.0792252 1 4 0
0.95 0.0792242 0.0792242 1 4 0
0.9 0.0792229 0.0792229 1 4 0
0.85 0.0792215 0.0792215 1 4 0
0.8 0.0792199 0.0792199 1 4 0
0.75 0.0792184 0.0792184 1 4 0
0.7 0.0792162 0.0792162 1 4 0
0.65 0.0792139 0.0792139 1 4 0
0.6 0.0792112 0.0792112 1 4 0
0.55 0.079208 0.079208 1 4 0
0.5 0.0792042 0.0792042 1 4 0
0.45 0.0791995 0.0791995 1 4 0
0.4 0.0791937 0.0791937 1 4 0
0.35 0.0791862 0.0791862 1 4 0
0.3 0.0791763 0.0791763 1 4 0
0.25 0.0791624 0.0791624 1 4 0
0.2 0.0791415 0.0791415 1 4 0
0.15 0.0791069 0.0791069 1 4 0
0.1 0.0790381 0.0790381 1 4 0
0.0500004 0.0788352 0.0788352 1 4 0
0.00093509 0.0692126 0.0692126 1 4 0
-0.0113314 0.0668075 0.0668075 1 4 0
6.53001 0.079243 0.079243 2 5 0
6.55001 0.079243 0.079243 1 5 0
6.57001 0.079243 0.079243 1 5 0
6.61001 0.0792431 0.0792431 1 5 0
6.66001 0.0792431 0.0792431 1 5 0
6.71001 0.0792431 0.0792431 1 5 0
6.76001 0.0792431 0.0792431 1 5 0
6.81001 0.0792431 0.0792431 1 5 0
6.86001 0.0792432 0.0792432 1 5 0
6.91001 0.0792432 0.0792432 1 5 0
6.96001 0.0792432 0.0792432 1 5 0
7.01001 0.0792432 0.0792432 1 5 0
7.06001 0.0792433 0.0792433 1 5 0
7.11001 0.0792433 0.0792433 1 5 0
7.16001 0.0792433 0.0792433 1 5 0
7.21001 0.0792433 0.0792433 1 5 0
7.26001 0.0792433 0.0792433 1 5 0
7.31001 0.0792434 0.0792434 1 5 0
7.36001 0.0792434 0.0792434 1 5 0
7.41001 0.0792434 0.0792434 1 5 0
7.46001 0.0792434 0.0792434 1 5 0
7.51001 0.0792434 0.0792434 1 5 0
7.56001 0.0792435 0.0792435 1 5 0
7.61001 0.0792435 0.0792435 1 5 0
7.66001 0.0792435 0.0792435 1 5 0
7.71001 0.0792435 0.0792435 1 5 0
7.76001 0.0792435 0.0792435 1 5 0
7.81001 0.0792435 0.0792435 1 5 0
7.86001 0.0792436 0.0792436 1 5 0
7.91001 0.0792436 0.0792436 1 5 0
7.96001 0.0792436 0.0792436 1 5 0
8.01001 0.0792436 0.0792436 1 5 0
8.06001 0.0792436 0.0792436 1 5 0
8.11001 0.0792436 0.0792436 1 5 0
8.16001 0.0792437 0.0792437 1 5 0
8.21001 0.0792437 0.0792437 1 5 0
8.26001 0.0792437 0.0792437 1 5 0
8.31001 0.0792437 0.0792437 1 5 0
8.36001 0.0792437 0.0792437 1 5 0
8.41001 0.0792437 0.0792437 1 5 0
8.46001 0.0792437 0.0792437 1 5 0
8.46001 0.0792437 0.0792437 1 5 0
8.51001 0.0792438 0.0792438 1 5 0
8.51001 0.0792438 0.0792438 1 5 0
8.56001 0.0792438 0.0792438 1 5 0
8.61001 0.0792438 0.0792438 1 5 0
8.66001 0.0792438 0.0792438 1 5 0
8.71001 0.0792438 0.0792438 1 5 0
8.76001 0.0792438 0.0792438 1 5 0
8.81001 0.0792438 0.0792438 1 5 0
8.86001 0.0792439 0.0792439 1 5 0
8.91001 0.0792439 0.0792439 1 5 0
8.96001 0.0792439 0.0792439 1 5 0
9.01001 0.0792439 0.0792439 1 5 0
9.06001 0.0792439 0.0792439 1 5 0
9.11001 0.0792439 0.0792439 1 5 0
9.16001 0.0792439 0.0792439 1 5 0
9.21001 0.079244 0.079244 1 5 0
9.26001 0.079244 0.079244 1 5 0
9.31001 0.079244 0.079244 1 5 0
9.36001 0.079244 0.079244 1 5 0
9.41001 0.079244 0.079244 1 5 0
9.46001 0.079244 0.079244 1 5 0
9.51001 0.079244 0.079244 1 5 0
9.56001 0.079244 0.079244 1 5 0
9.61001 0.079244 0.079244 1 5 0
9.66001 0.0792441 0.0792441 1 5 0
9.71001 0.0792441 0.0792441 1 5 0
9.76001 0.0792441 0.0792441 1 5 0
9.81001 0.0792441 0.0792441 1 5 0
9.86001 0.0792441 0.0792441 1 5 0
9.91001 0.0792441 0.0792441 1 5 0
9.96001 0.0792441 0.0792441 1 5 0
10.01 0.0792441 0.0792441 1 5 0
10.06 0.0792441 0.0792441 1 5 0
10.11 0.0792442 0.0792442 1 5 0
10.16 0.0792442 0.0792442 1 5 0
10.21 0.0792442 0.0792442 1 5 0
10.26 0.0792442 0.0792442 1 5 0
10.31 0.0792442 0.0792442 1 5 0
10.36 0.0792442 0.0792442 1 5 0
10.41 0.0792442 0.0792442 1 5 0
10.46 0.0792442 0.0792442 1 5 0
10.51 0.0792442 0.0792442 1 5 0
10.56 0.0792442 0.0792442 1 5 0
10.61 0.0792443 0.0792443 1 5 0
10.66 0.0792443 0.0792443 1 5 0
10.71 0.0792443 0.0792443 1 5 0
10.76 0.0792443 0.0792443 1 5 0
10.81 0.0792443 0.0792443 1 5 0
10.86 0.0792443 0.0792443 1 5 0
10.91 0.0792443 0.0792443 1 5 0
10.96 0.0792443 0.0792443 1 5 0
11.01 0.0792443 0.0792443 1 5 0
11.06 0.0792443 0.0792443 1 5 0
11.11 0.0792443 0.0792443 1 5 0
11.16 0.0792444 0.0792444 1 5 0
11.21 0.0792444 0.0792444 1 5 0
11.26 0.0792444 0.0792444 1 5 0
11.31 0.0792444 0.0792444 1 5 0
11.31 0.0792444 0.0792444 1 5 0
11.36 0.0792444 0.0792444 1 5 0
11.41 0.0792444 0.0792444 1 5 0
11.46 0.0792444 0.0792444 1 5 0
11.51 0.0792444 0.0792444 1 5 0
11.56 0.0792444 0.0792444 1 5 0
11.61 0.0792444 0.0792444 1 5 0
11.66 0.0792444 0.0792444 1 5 0
11.71 0.0792444 0.0792444 1 5 0
11.76 0.0792444 0.0792444 1 5 0
11.81 0.0792445 0.0792445 1 5 0
11.86 0.0792445 0.0792445 1 5 0
11.91 0.0792445 0.0792445 1 5 0
11.96 0.0792445 0.0792445 1 5 0
12.01 0.0792445 0.0792445 1 5 0
12.06 0.0792445 0.0792445 1 5 0
12.11 0.0792445 0.0792445 1 5 0
12.16 0.0792445 0.0792445 1 5 0
12.21 0.0792445 0.0792445 1 5 0
12.26 0.0792445 0.0792445 1 5 0
12.31 0.0792445 0.0792445 1 5 0
12.36 0.0792445 0.0792445 1 5 0
12.41 0.0792445 0.0792445 1 5 0
12.46 0.0792445 0.0792445 1 5 0
12.51 0.0792446 0.0792446 1 5 0
12.56 0.0792446 0.0792446 1 5 0
12.61 0.0792446 0.0792446 1 5 0
12.66 0.0792446 0.0792446 1 5 0
12.71 0.0792446 0.0792446 1 5 0
12.76 0.0792446 0.0792446 1 5 0
12.81 0.0792446 0.0792446 1 5 0
12.86 0.0792446 0.0792446 1 5 0
12.91 0.0792446 0.0792446 1 5 0
12.96 0.0792446 0.0792446 1 5 0
13.01 0.0792446 0.0792446 1 5 0
13.06 0.0792446 0.0792446 1 5 0
13.11 0.0792446 0.0792446 1 5 0
13.16 0.0792446 0.0792446 1 5 0
13.21 0.0792446 0.0792446 1 5 0
13.26 0.0792447 0.0792447 1 5 0
13.31 0.0792447 0.0792447 1 5 0
13.36 0.0792447 0.0792447 1 5 0
13.41 0.0792447 0.0792447 1 5 0
13.46 0.0792447 0.0792447 1 5 0
13.51 0.0792447 0.0792447 1 5 0
13.56 0.0792447 0.0792447 1 5 0
13.61 0.0792447 0.0792447 1 5 0
13.66 0.0792447 0.0792447 1 5 0
13.71 0.0792447 0.0792447 1 5 0
13.76 0.0792447 0.0792447 1 5 0
13.81 0.0792447 0.0792447 1 5 0
13.86 0.0792447 0.0792447 1 5 0
13.91 0.0792447 0.0792447 1 5 0
13.96 0.0792447 0.0792447 1 5 0
14.01 0.0792447 0.0792447 1 5 0
14.06 0.0792447 0.0792447 1 5 0
14.11 0.0792447 0.0792447 1 5 0
14.16 0.0792448 0.0792448 1 5 0
14.21 0.0792448 0.0792448 1 5 0
14.26 0.0792448 0.0792448 1 5 0
14.31 0.0792448 0.0792448 1 5 0
14.36 0.0792448 0.0792448 1 5 0
14.41 0.0792448 0.0792448 1 5 0
14.46 0.0792448 0.0792448 1 5 0
14.46 0.0792448 0.0792448 1 5 0
14.51 0.0792448 0.0792448 1 5 0
14.56 0.0792448 0.0792448 1 5 0
14.56 0.0792448 0.0792448 1 5 0
14.61 0.0792448 0.0792448 1 5 0
14.66 0.0792448 0.0792448 1 5 0
14.71 0.0792448 0.0792448 1 5 0
14.76 0.0792448 0.0792448 1 5 0
14.81 0.0792448 0.0792448 1 5 0
14.86 0.0792448 0.0792448 1 5 0
14.91 0.0792448 0.0792448 1 5 0
14.96 0.0792448 0.0792448 1 5 0
14.96 0.0792448 0.0792448 1 5 0
15.01 0.0792448 0.0792448 1 5 0
6.53001 0.079243 0.079243 2 5 0
6.51001 0.079243 0.079243 1 5 0
6.49001 0.079243 0.079243 1 5 0
6.45001 0.079243 0.079243 1 5 0
6.45001 0.079243 0.079243 1 5 0
6.40001 0.0792429 0.0792429 1 5 0
6.35001 0.0792429 0.0792429 1 5 0
6.30001 0.0792429 0.0792429 1 5 0
6.25001 0.0792429 0.0792429 1 5 0
6.20001 0.0792428 0.0792428 1 5 0
6.15001 0.0792428 0.0792428 1 5 0
6.10001 0.0792428 0.0792428 1 5 0
6.05001 0.0792428 0.0792428 1 5 0
6.00001 0.0792427 0.0792427 1 5 0
5.95001 0.0792427 0.0792427 1 5 0
5.95001 0.0792427 0.0792427 1 5 0
5.90001 0.0792427 0.0792427 1 5 0
5.85001 0.0792426 0.0792426 1 5 0
5.80001 0.0792426 0.0792426 1 5 0
5.75001 0.0792426 0.0792426 1 5 0
5.70001 0.0792425 0.0792425 1 5 0
5.65001 0.0792425 0.0792425 1 5 0
5.60001 0.0792425 0.0792425 1 5 0
5.55001 0.0792424 0.0792424 1 5 0
5.50001 0.0792424 0.0792424 1 5 0
5.45001 0.0792424 0.0792424 1 5 0
5.40001 0.0792423 0.0792423 1 5 0
5.37501 0.0792423 0.0792423 1 5 0
5.32501 0.0792423 0.0792423 1 5 0
5.27501 0.0792422 0.0792422 1 5 0
5.22501 0.0792422 0.0792422 1 5 0
5.17501 0.0792422 0.0792422 1 5 0
5.12501 0.0792421 0.0792421 1 5 0
5.07501 0.0792421 0.0792421 1 5 0
5.02501 0.079242 0.079242 1 5 0
4.97501 0.079242 0.079242 1 5 0
4.92501 0.079242 0.079242 1 5 0
4.87501 0.0792419 0.0792419 1 5 0
4.82501 0.0792419 0.0792419 1 5 0
4.77501 0.0792418 0.0792418 1 5 0
4.72501 0.0792418 0.0792418 1 5 0
4.67501 0.0792417 0.0792417 1 5 0
4.62501 0.0792417 0.0792417 1 5 0
4.57501 0.0792416 0.0792416 1 5 0
4.52501 0.0792416 0.0792416 1 5 0
4.47501 0.0792415 0.0792415 1 5 0
4.42501 0.0792415 0.0792415 1 5 0
4.37501 0.0792414 0.0792414 1 5 0
4.32501 0.0792414 0.0792414 1 5 0
4.27501 0.0792413 0.0792413 1 5 0
4.22501 0.0792413 0.0792413 1 5 0
4.17501 0.0792412 0.0792412 1 5 0
4.12501 0.0792411 0.0792411 1 5 0
4.07501 0.0792411 0.0792411 1 5 0
4.02501 0.079241 0.079241 1 5 0
3.97501 0.0792409 0.0792409 1 5 0
3.92501 0.0792409 0.0792409 1 5 0
3.87501 0.0792408 0.0792408 1 5 0
3.82501 0.0792407 0.0792407 1 5 0
3.77501 0.0792407 0.0792407 1 5 0
3.72501 0.0792406 0.0792406 1 5 0
3.67501 0.0792405 0.0792405 1 5 0
3.62501 0.0792404 0.0792404 1 5 0
3.57501 0.0792403 0.0792403 1 5 0
3.52501 0.0792403 0.0792403 1 5 0
3.47501 0.0792402 0.0792402 1 5 0
3.42501 0.0792401 0.0792401 1 5 0
3.37501 0.07924 0.07924 1 5 0
3.32501 0.0792399 0.0792399 1 5 0
3.27501 0.0792398 0.0792398 1 5 0
3.22501 0.0792397 0.0792397 1 5 0
3.17501 0.0792396 0.0792396 1 5 0
3.12501 0.0792395 0.0792395 1 5 0
3.07501 0.0792394 0.0792394 1 5 0
3.02501 0.0792393 0.0792393 1 5 0
2.97501 0.0792392 0.0792392 1 5 0
2.92501 0.079239 0.079239 1 5 0
2.87501 0.0792389 0.0792389 1 5 0
2.82501 0.0792388 0.0792388 1 5 0
2.77501 0.0792386 0.0792386 1 5 0
2.72501 0.0792385 0.0792385 1 5 0
2.67501 0.0792384 0.0792384 1 5 0
2.62501 0.0792382 0.0792382 1 5 0
2.57501 0.0792381 0.0792381 1 5 0
2.52501 0.0792379 0.0792379 1 5 0
2.47501 0.0792377 0.0792377 1 5 0
2.42501 0.0792376 0.0792376 1 5 0
2.37501 0.0792374 0.0792374 1 5 0
2.32501 0.0792372 0.0792372 1 5 0
2.27501 0.079237 0.079237 1 5 0
2.22501 0.0792368 0.0792368 1 5 0
2.17501 0.0792366 0.0792366 1 5 0
2.12501 0.0792363 0.0792363 1 5 0
2.07501 0.0792361 0.0792361 1 5 0
2.02501 0.0792358 0.0792358 1 5 0
1.97501 0.0792356 0.0792356 1 5 0
1.95001 0.0792354 0.0792354 1 5 0
1.93751 0.0792354 0.0792354 1 5 0
1.93751 0.0792354 0.0792354 1 5 0
1.91251 0.0792352 0.0792352 1 5 0
1.86251 0.0792349 0.0792349 1 5 0
1.81251 0.0792346 0.0792346 1 5 0
1.76251 0.0792343 0.0792343 1 5 0
1.71251 0.0792339 0.0792339 1 5 0
1.66251 0.0792336 0.0792336 1 5 0
1.61251 0.0792332 0.0792332 1 5 0
1.56251 0.0792328 0.0792328 1 5 0
1.51251 0.0792323 0.0792323 1 5 0
1.46251 0.0792318 0.0792318 1 5 0
1.41251 0.0792313 0.0792313 1 5 0
1.36251 0.0792308 0.0792308 1 5 0
1.31251 0.0792302 0.0792302 1 5 0
1.26251 0.0792296 0.0792296 1 5 0
1.21251 0.0792289 0.0792289 1 5 0
1.16251 0.0792282 0.0792282 1 5 0
1.11251 0.0792273 0.0792273 1 5 0
1.06251 0.0792264 0.0792264 1 5 0
1.01251 0.0792255 0.0792255 1 5 0
0.962507 0.0792244 0.0792244 1 5 0
0.912507 0.0792232 0.0792232 1 5 0
0.862507 0.0792218 0.0792218 1 5 0
0.812507 0.0792203 0.0792203 1 5 0
0.762507 0.0792186 0.0792186 1 5 0
0.712507 0.0792167 0.0792167 1 5 0
0.662507 0.0792145 0.0792145 1 5 0
0.612507 0.0792123 0.0792123 1 5 0
0.562507 0.0792089 0.0792089 1 5 0
0.512507 0.0792054 0.0792054 1 5 0
0.462507 0.079202 0.079202 1 5 0
0.412507 0.0791953 0.0791953 1 5 0
0.362507 0.0791883 0.0791883 1 5 0
0.312507 0.0791791 0.0791791 1 5 0
0.262507 0.0791663 0.0791663 1 5 0
0.212507 0.0791477 0.0791477 1 5 0
0.118489 0.0790703 0.0790703 1 5 0
0.0684895 0.0789441 0.0789441 1 5 0
0.0184954 0.0781796 0.0781796 1 5 0
-0.0314988 0.0774146 0.0774146 1 5 0
6.63001 0.0792431 0.0792431 2 6 0
-733.919 0.0792462 0.0792462 1 6 0
6.63001 0.0792431 0.0792431 2 6 0
747.413 0.0792462 0.0792462 1 6 0
12.41 0.0792445 0.0792445 2 2 0
12.45 0.0792445 0.0792445 1 2 0
12.49 0.0792446 0.0792446 1 2 0
12.53 0.0792446 0.0792446 1 2 0
12.58 0.0792446 0.0792446 1 2 0
12.63 0.0792446 0.0792446 1 2 0
12.68 0.0792446 0.0792446 1 2 0
12.73 0.0792446 0.0792446 1 2 0
12.78 0.0792446 0.0792446 1 2 0
12.83 0.0792446 0.0792446 1 2 0
12.88 0.0792446 0.0792446 1 2 0
12.93 0.0792446 0.0792446 1 2 0
12.98 0.0792446 0.0792446 1 2 0
13.03 0.0792446 0.0792446 1 2 0
13.08 0.0792446 0.0792446 1 2 0
13.13 0.0792446 0.0792446 1 2 0
13.18 0.0792446 0.0792446 1 2 0
13.23 0.0792446 0.0792446 1 2 0
13.28 0.0792447 0.0792447 1 2 0
13.33 0.0792447 0.0792447 1 2 0
13.38 0.0792447 0.0792447 1 2 0
13.43 0.0792447 0.0792447 1 2 0
13.48 0.0792447 0.0792447 1 2 0
13.53 0.0792447 0.0792447 1 2 0
13.58 0.0792447 0.0792447 1 2 0
13.63 0.0792447 0.0792447 1 2 0
13.68 0.0792447 0.0792447 1 2 0
13.73 0.0792447 0.0792447 1 2 0
13.78 0.0792447 0.0792447 1 2 0
13.83 0.0792447 0.0792447 1 2 0
13.88 0.0792447 0.0792447 1 2 0
13.93 0.0792447 0.0792447 1 2 0
13.98 0.0792447 0.0792447 1 2 0
14.03 0.0792447 0.0792447 1 2 0
14.08 0.0792447 0.0792447 1 2 0
14.13 0.0792447 0.0792447 1 2 0
14.18 0.0792448 0.0792448 1 2 0
14.23 0.0792448 0.0792448 1 2 0
14.28 0.0792448 0.0792448 1 2 0
14.33 0.0792448 0.0792448 1 2 0
14.38 0.0792448 0.0792448 1 2 0
14.43 0.0792448 0.0792448 1 2 0
14.48 0.0792448 0.0792448 1 2 0
14.53 0.0792448 0.0792448 1 2 0
14.58 0.0792448 0.0792448 1 2 0
14.63 0.0792448 0.0792448 1 2 0
14.68 0.0792448 0.0792448 1 2 0
14.73 0.0792448 0.0792448 1 2 0
14.78 0.0792448 0.0792448 1 2 0
14.83 0.0792448 0.0792448 1 2 0
14.88 0.0792448 0.0792448 1 2 0
14.93 0.0792448 0.0792448 1 2 0
14.93 0.0792448 0.0792448 1 2 0
14.98 0.0792448 0.0792448 1 2 0
15.03 0.0792448 0.0792448 1 2 0
14.93 0.0792448 0.0792448 2 3 0
14.95 0.0792448 0.0792448 1 3 0
14.97 0.0792448 0.0792448 1 3 0
15.01 0.0792448 0.0792448 1 3 0
14.93 0.0792448 0.0792448 2 3 0
14.91 0.0792448 0.0792448 1 3 0
14.89 0.0792448 0.0792448 1 3 0
14.85 0.0792448 0.0792448 1 3 0
14.8 0.0792448 0.0792448 1 3 0
14.75 0.0792448 0.0792448 1 3 0
14.7 0.0792448 0.0792448 1 3 0
14.65 0.0792448 0.0792448 1 3 0
14.6 0.0792448 0.0792448 1 3 0
14.55 0.0792448 0.0792448 1 3 0
14.5 0.0792448 0.0792448 1 3 0
14.45 0.0792448 0.0792448 1 3 0
14.4 0.0792448 0.0792448 1 3 0
14.35 0.0792448 0.0792448 1 3 0
14.3 0.0792448 0.0792448 1 3 0
14.25 0.0792448 0.0792448 1 3 0
14.2 0.0792448 0.0792448 1 3 0
14.15 0.0792448 0.0792448 1 3 0
14.1 0.0792447 0.0792447 1 3 0
14.05 0.0792447 0.0792447 1 3 0
14 0.0792447 0.0792447 1 3 0
13.95 0.0792447 0.0792447 1 3 0
13.9 0.0792447 0.0792447 1 3 0
13.85 0.0792447 0.0792447 1 3 0
13.8 0.0792447 0.0792447 1 3 0
13.75 0.0792447 0.0792447 1 3 0
13.75 0.0792447 0.0792447 1 3 0
13.7 0.0792447 0.0792447 1 3 0
13.65 0.0792447 0.0792447 1 3 0
13.6 0.0792447 0.0792447 1 3 0
13.55 0.0792447 0.0792447 1 3 0
13.5 0.0792447 0.0792447 1 3 0
13.45 0.0792447 0.0792447 1 3 0
13.4 0.0792447 0.0792447 1 3 0
13.35 0.0792447 0.0792447 1 3 0
13.3 0.0792447 0.0792447 1 3 0
13.25 0.0792446 0.0792446 1 3 0
13.2 0.0792446 0.0792446 1 3 0
13.15 0.0792446 0.0792446 1 3 0
13.1 0.0792446 0.0792446 1 3 0
13.05 0.0792446 0.0792446 1 3 0
13 0.0792446 0.0792446 1 3 0
12.95 0.0792446 0.0792446 1 3 0
12.9 0.0792446 0.0792446 1 3 0
12.85 0.0792446 0.0792446 1 3 0
12.8 0.0792446 0.0792446 1 3 0
12.75 0.0792446 0.0792446 1 3 0
12.7 0.0792446 0.0792446 1 3 0
12.65 0.0792446 0.0792446 1 3 0
12.6 0.0792446 0.0792446 1 3 0
12.55 0.0792446 0.0792446 1 3 0
12.5 0.0792446 0.0792446 1 3 0
12.45 0.0792445 0.0792445 1 3 0
12.4 0.0792445 0.0792445 1 3 0
12.35 0.0792445 0.0792445 1 3 0
12.3 0.0792445 0.0792445 1 3 0
12.25 0.0792445 0.0792445 1 3 0
12.2 0.0792445 0.0792445 1 3 0
12.15 0.0792445 0.0792445 1 3 0
12.1 0.0792447 0.0792447 1 3 0
12.05 0.0792445 0.0792445 1 3 0
12 0.0792445 0.0792445 1 3 0
11.95 0.0792445 0.0792445 1 3 0
11.9 0.0792445 0.0792445 1 3 0
11.85 0.0792445 0.0792445 1 3 0
11.8 0.0792445 0.0792445 1 3 0
11.8 0.0792445 0.0792445 1 3 0
11.75 0.0792444 0.0792444 1 3 0
11.7 0.0792444 0.0792444 1 3 0
11.65 0.0792444 0.0792444 1 3 0
11.6 0.0792444 0.0792444 1 3 0
11.55 0.0792444 0.0792444 1 3 0
11.5 0.0792444 0.0792444 1 3 0
11.45 0.0792444 0.0792444 1 3 0
11.4 0.0792444 0.0792444 1 3 0
11.35 0.0792444 0.0792444 1 3 0
11.3 0.0792444 0.0792444 1 3 0
11.25 0.0792444 0.0792444 1 3 0
11.2 0.0792444 0.0792444 1 3 0
11.15 0.0792444 0.0792444 1 3 0
11.1 0.0792443 0.0792443 1 3 0
11.05 0.0792443 0.0792443 1 3 0
11 0.0792443 0.0792443 1 3 0
11 0.0792443 0.0792443 1 3 0
10.95 0.0792443 0.0792443 1 3 0
10.9 0.0792443 0.0792443 1 3 0
10.85 0.0792443 0.0792443 1 3 0
10.8 0.0792443 0.0792443 1 3 0
10.75 0.0792443 0.0792443 1 3 0
10.7 0.0792443 0.0792443 1 3 0
10.65 0.0792443 0.0792443 1 3 0
10.6 0.0792443 0.0792443 1 3 0
10.55 0.0792442 0.0792442 1 3 0
10.5 0.0792442 0.0792442 1 3 0
10.45 0.0792442 0.0792442 1 3 0
10.4 0.0792442 0.0792442 1 3 0
10.35 0.0792442 0.0792442 1 3 0
10.35 0.0792442 0.0792442 1 3 0
10.3 0.0792442 0.0792442 1 3 0
10.25 0.0792442 0.0792442 1 3 0
10.2 0.0792442 0.0792442 1 3 0
10.15 0.0792442 0.0792442 1 3 0
10.1 0.0792442 0.0792442 1 3 0
10.05 0.0792441 0.0792441 1 3 0
10 0.0792441 0.0792441 1 3 0
9.95002 0.0792441 0.0792441 1 3 0
9.90002 0.0792441 0.0792441 1 3 0
9.85002 0.0792441 0.0792441 1 3 0
9.80002 0.0792441 0.0792441 1 3 0
9.75002 0.0792441 0.0792441 1 3 0
9.70002 0.0792441 0.0792441 1 3 0
9.65002 0.0792441 0.0792441 1 3 0
9.60002 0.079244 0.079244 1 3 0
9.55002 0.079244 0.079244 1 3 0
9.50002 0.079244 0.079244 1 3 0
9.45002 0.079244 0.079244 1 3 0
9.40002 0.079244 0.079244 1 3 0
9.35002 0.079244 0.079244 1 3 0
9.30002 0.079244 0.079244 1 3 0
9.25002 0.079244 0.079244 1 3 0
9.20002 0.0792439 0.0792439 1 3 0
9.15002 0.0792439 0.0792439 1 3 0
9.10002 0.0792439 0.0792439 1 3 0
9.05002 0.0792439 0.0792439 1 3 0
9.00002 0.0792439 0.0792439 1 3 0
8.95002 0.0792439 0.0792439 1 3 0
8.90002 0.0792439 0.0792439 1 3 0
8.85002 0.0792439 0.0792439 1 3 0
8.80002 0.0792438 0.0792438 1 3 0
8.75002 0.0792438 0.0792438 1 3 0
8.70002 0.0792438 0.0792438 1 3 0
8.65002 0.0792438 0.0792438 1 3 0
8.60002 0.0792438 0.0792438 1 3 0
8.55002 0.0792438 0.0792438 1 3 0
8.50002 0.0792438 0.0792438 1 3 0
8.45002 0.0792437 0.0792437 1 3 0
8.40002 0.0792437 0.0792437 1 3 0
8.35002 0.0792437 0.0792437 1 3 0
8.30002 0.0792437 0.0792437 1 3 0
8.25002 0.0792437 0.0792437 1 3 0
8.20002 0.0792437 0.0792437 1 3 0
8.15002 0.0792437 0.0792437 1 3 0
8.10002 0.0792436 0.0792436 1 3 0
8.05002 0.0792436 0.0792436 1 3 0
8.00002 0.0792436 0.0792436 1 3 0
7.95001 0.0792436 0.0792436 1 3 0
7.90001 0.0792436 0.0792436 1 3 0
7.85001 0.0792436 0.0792436 1 3 0
7.80001 0.0792435 0.0792435 1 3 0
7.75001 0.0792435 0.0792435 1 3 0
7.70001 0.0792435 0.0792435 1 3 0
7.70001 0.0792435 0.0792435 1 3 0
7.65001 0.0792435 0.0792435 1 3 0
7.60001 0.0792435 0.0792435 1 3 0
7.55001 0.0792434 0.0792434 1 3 0
7.55001 0.0792434 0.0792434 1 3 0
7.50001 0.0792434 0.0792434 1 3 0
7.45001 0.0792434 0.0792434 1 3 0
7.40001 0.0792434 0.0792434 1 3 0
7.35001 0.0792434 0.0792434 1 3 0
7.30001 0.0792434 0.0792434 1 3 0
7.25001 0.0792433 0.0792433 1 3 0
7.20001 0.0792433 0.0792433 1 3 0
7.15001 0.0792433 0.0792433 1 3 0
7.10001 0.0792433 0.0792433 1 3 0
7.05001 0.0792433 0.0792433 1 3 0
7.00001 0.0792432 0.0792432 1 3 0
6.95001 0.0792432 0.0792432 1 3 0
6.90001 0.0792432 0.0792432 1 3 0
6.85001 0.0792432 0.0792432 1 3 0
6.80001 0.0792431 0.0792431 1 3 0
6.75001 0.0792431 0.0792431 1 3 0
6.70001 0.0792431 0.0792431 1 3 0
6.65001 0.0792431 0.0792431 1 3 0
6.60001 0.079243 0.079243 1 3 0
6.55001 0.079243 0.079243 1 3 0
6.50001 0.079243 0.079243 1 3 0
6.45001 0.079243 0.079243 1 3 0
6.40001 0.0792429 0.0792429 1 3 0
6.35001 0.0792429 0.0792429 1 3 0
6.30001 0.0792429 0.0792429 1 3 0
6.25001 0.0792429 0.0792429 1 3 0
6.20001 0.0792428 0.0792428 1 3 0
6.15001 0.0792428 0.0792428 1 3 0
6.10001 0.0792428 0.0792428 1 3 0
6.05001 0.0792428 0.0792428 1 3 0
6.00001 0.0792427 0.0792427 1 3 0
5.95001 0.0792427 0.0792427 1 3 0
5.90001 0.0792427 0.0792427 1 3 0
5.85001 0.0792426 0.0792426 1 3 0
5.80001 0.0792426 0.0792426 1 3 0
5.75001 0.0792426 0.0792426 1 3 0
5.70001 0.0792425 0.0792425 1 3 0
5.65001 0.0792425 0.0792425 1 3 0
5.60001 0.0792425 0.0792425 1 3 0
5.55001 0.0792424 0.0792424 1 3 0
5.50001 0.0792424 0.0792424 1 3 0
5.45001 0.0792424 0.0792424 1 3 0
5.40001 0.0792423 0.0792423 1 3 0
5.35001 0.0792423 0.0792423 1 3 0
13.75 0.0792447 0.0792447 2 4 0
13.77 0.0792447 0.0792447 1 4 0
13.79 0.0792447 0.0792447 1 4 0
13.83 0.0792447 0.0792447 1 4 0
13.88 0.0792447 0.0792447 1 4 0
13.93 0.0792447 0.0792447 1 4 0
13.98 0.0792447 0.0792447 1 4 0
14.03 0.0792447 0.0792447 1 4 0
14.08 0.0792447 0.0792447 1 4 0
14.13 0.0792447 0.0792447 1 4 0
14.18 0.0792448 0.0792448 1 4 0
14.23 0.0792448 0.0792448 1 4 0
14.28 0.0792448 0.0792448 1 4 0
14.33 0.0792448 0.0792448 1 4 0
14.38 0.0792448 0.0792448 1 4 0
14.43 0.0792448 0.0792448 1 4 0
14.48 0.0792448 0.0792448 1 4 0
14.53 0.0792448 0.0792448 1 4 0
14.58 0.0792448 0.0792448 1 4 0
14.63 0.0792448 0.0792448 1 4 0
14.68 0.0792448 0.0792448 1 4 0
14.73 0.0792448 0.0792448 1 4 0
14.78 0.0792448 0.0792448 1 4 0
14.83 0.0792448 0.0792448 1 4 0
14.88 0.0792448 0.0792448 1 4 0
14.93 0.0792448 0.0792448 1 4 0
14.98 0.0792448 0.0792448 1 4 0
15.03 0.0792448 0.0792448 1 4 0
13.75 0.0792447 0.0792447 2 4 0
13.73 0.0792447 0.0792447 1 4 0
13.71 0.0792447 0.0792447 1 4 0
13.67 0.0792447 0.0792447 1 4 0
13.62 0.0792447 0.0792447 1 4 0
13.57 0.0792447 0.0792447 1 4 0
13.52 0.0792447 0.0792447 1 4 0
13.47 0.0792447 0.0792447 1 4 0
13.42 0.0792447 0.0792447 1 4 0
13.37 0.0792447 0.0792447 1 4 0
13.37 0.0792447 0.0792447 1 4 0
13.32 0.0792447 0.0792447 1 4 0
13.27 0.0792447 0.0792447 1 4 0
13.22 0.0792446 0.0792446 1 4 0
13.17 0.0792446 0.0792446 1 4 0
13.12 0.0792446 0.0792446 1 4 0
13.07 0.0792446 0.0792446 1 4 0
13.02 0.0792446 0.0792446 1 4 0
12.97 0.0792446 0.0792446 1 4 0
12.92 0.0792446 0.0792446 1 4 0
12.87 0.0792446 0.0792446 1 4 0
12.82 0.0792446 0.0792446 1 4 0
12.77 0.0792446 0.0792446 1 4 0
12.72 0.0792446 0.0792446 1 4 0
12.67 0.0792446 0.0792446 1 4 0
12.62 0.0792446 0.0792446 1 4 0
12.57 0.0792446 0.0792446 1 4 0
12.52 0.0792446 0.0792446 1 4 0
12.47 0.0792446 0.0792446 1 4 0
12.42 0.0792445 0.0792445 1 4 0
12.37 0.0792445 0.0792445 1 4 0
12.32 0.0792445 0.0792445 1 4 0
12.27 0.0792445 0.0792445 1 4 0
12.22 0.0792445 0.0792445 1 4 0
12.17 0.0792445 0.0792445 1 4 0
12.12 0.0792445 0.0792445 1 4 0
12.07 0.0792445 0.0792445 1 4 0
12.02 0.0792445 0.0792445 1 4 0
11.97 0.0792445 0.0792445 1 4 0
11.92 0.0792445 0.0792445 1 4 0
11.87 0.0792445 0.0792445 1 4 0
11.82 0.0792445 0.0792445 1 4 0
11.77 0.0792444 0.0792444 1 4 0
11.72 0.0792444 0.0792444 1 4 0
11.67 0.0792444 0.0792444 1 4 0
11.62 0.0792444 0.0792444 1 4 0
11.57 0.0792444 0.0792444 1 4 0
11.52 0.0792444 0.0792444 1 4 0
11.47 0.0792444 0.0792444 1 4 0
11.42 0.0792444 0.0792444 1 4 0
11.37 0.0792444 0.0792444 1 4 0
11.32 0.0792444 0.0792444 1 4 0
11.27 0.0792444 0.0792444 1 4 0
11.22 0.0792444 0.0792444 1 4 0
11.17 0.0792444 0.0792444 1 4 0
11.12 0.0792443 0.0792443 1 4 0
11.07 0.0792443 0.0792443 1 4 0
11.02 0.0792443 0.0792443 1 4 0
10.97 0.0792443 0.0792443 1 4 0
10.92 0.0792443 0.0792443 1 4 0
10.87 0.0792443 0.0792443 1 4 0
10.82 0.0792443 0.0792443 1 4 0
10.77 0.0792443 0.0792443 1 4 0
10.72 0.0792443 0.0792443 1 4 0
10.72 0.0792443 0.0792443 1 4 0
10.67 0.0792443 0.0792443 1 4 0
10.62 0.0792443 0.0792443 1 4 0
10.57 0.0792442 0.0792442 1 4 0
10.57 0.0792442 0.0792442 1 4 0
10.52 0.0792442 0.0792442 1 4 0
10.47 0.0792442 0.0792442 1 4 0
10.42 0.0792442 0.0792442 1 4 0
10.37 0.0792442 0.0792442 1 4 0
10.32 0.0792442 0.0792442 1 4 0
10.27 0.0792442 0.0792442 1 4 0
10.22 0.0792442 0.0792442 1 4 0
10.17 0.0792442 0.0792442 1 4 0
10.12 0.0792442 0.0792442 1 4 0
10.07 0.0792441 0.0792441 1 4 0
10.02 0.0792441 0.0792441 1 4 0
9.97002 0.0792441 0.0792441 1 4 0
9.92001 0.0792441 0.0792441 1 4 0
9.87001 0.0792441 0.0792441 1 4 0
9.82001 0.0792441 0.0792441 1 4 0
9.77001 0.0792441 0.0792441 1 4 0
9.72001 0.0792441 0.0792441 1 4 0
9.67001 0.0792441 0.0792441 1 4 0
9.62001 0.079244 0.079244 1 4 0
9.57001 0.079244 0.079244 1 4 0
9.52001 0.079244 0.079244 1 4 0
9.52001 0.079244 0.079244 1 4 0
9.47001 0.079244 0.079244 1 4 0
9.42001 0.079244 0.079244 1 4 0
9.37001 0.079244 0.079244 1 4 0
9.32001 0.079244 0.079244 1 4 0
9.27001 0.079244 0.079244 1 4 0
9.22001 0.079244 0.079244 1 4 0
9.17001 0.0792439 0.0792439 1 4 0
9.12001 0.0792439 0.0792439 1 4 0
9.07001 0.0792439 0.0792439 1 4 0
9.02001 0.0792439 0.0792439 1 4 0
8.97001 0.0792439 0.0792439 1 4 0
8.92001 0.0792439 0.0792439 1 4 0
8.87001 0.0792439 0.0792439 1 4 0
8.82001 0.0792439 0.0792439 1 4 0
8.77001 0.0792438 0.0792438 1 4 0
8.72001 0.0792438 0.0792438 1 4 0
8.67001 0.0792438 0.0792438 1 4 0
8.62001 0.0792438 0.0792438 1 4 0
8.57001 0.0792438 0.0792438 1 4 0
8.52001 0.0792438 0.0792438 1 4 0
8.47001 0.0792438 0.0792438 1 4 0
8.42001 0.0792437 0.0792437 1 4 0
8.37001 0.0792437 0.0792437 1 4 0
8.32001 0.0792437 0.0792437 1 4 0
8.27001 0.0792437 0.0792437 1 4 0
8.22001 0.0792437 0.0792437 1 4 0
8.17001 0.0792437 0.0792437 1 4 0
8.12001 0.0792436 0.0792436 1 4 0
8.07001 0.0792436 0.0792436 1 4 0
8.02001 0.0792436 0.0792436 1 4 0
7.97001 0.0792436 0.0792436 1 4 0
7.97001 0.0792436 0.0792436 1 4 0
7.92001 0.0792436 0.0792436 1 4 0
7.87001 0.0792436 0.0792436 1 4 0
7.82001 0.0792435 0.0792435 1 4 0
7.77001 0.0792435 0.0792435 1 4 0
7.72001 0.0792435 0.0792435 1 4 0
7.67001 0.0792435 0.0792435 1 4 0
7.62001 0.0792435 0.0792435 1 4 0
7.57001 0.0792435 0.0792435 1 4 0
7.57001 0.0792435 0.0792435 1 4 0
7.52001 0.0792434 0.0792434 1 4 0
7.52001 0.0792434 0.0792434 1 4 0
7.47001 0.0792434 0.0792434 1 4 0
7.42001 0.0792434 0.0792434 1 4 0
7.42001 0.0792434 0.0792434 1 4 0
7.37001 0.0792434 0.0792434 1 4 0
7.32001 0.0792434 0.0792434 1 4 0
7.27001 0.0792433 0.0792433 1 4 0
7.22001 0.0792433 0.0792433 1 4 0
7.17001 0.0792433 0.0792433 1 4 0
7.12001 0.0792433 0.0792433 1 4 0
7.07001 0.0792433 0.0792433 1 4 0
7.02001 0.0792432 0.0792432 1 4 0
6.97001 0.0792432 0.0792432 1 4 0
6.92001 0.0792432 0.0792432 1 4 0
6.87001 0.0792432 0.0792432 1 4 0
6.82001 0.0792432 0.0792432 1 4 0
6.77001 0.0792431 0.0792431 1 4 0
6.72001 0.0792431 0.0792431 1 4 0
6.67 0.0792431 0.0792431 1 4 0
6.62 0.0792431 0.0792431 1 4 0
6.57 0.079243 0.079243 1 4 0
6.52 0.079243 0.079243 1 4 0
6.47 0.079243 0.079243 1 4 0
6.42 0.079243 0.079243 1 4 0
6.37 0.0792429 0.0792429 1 4 0
6.32 0.0792429 0.0792429 1 4 0
6.32 0.0792429 0.0792429 1 4 0
6.27 0.0792429 0.0792429 1 4 0
6.22 0.0792429 0.0792429 1 4 0
6.17 0.0792428 0.0792428 1 4 0
6.12 0.0792428 0.0792428 1 4 0
6.07 0.0792428 0.0792428 1 4 0
6.02 0.0792427 0.0792427 1 4 0
5.97 0.0792427 0.0792427 1 4 0
5.92 0.0792427 0.0792427 1 4 0
5.87 0.0792427 0.0792427 1 4 0
5.82 0.0792426 0.0792426 1 4 0
5.77 0.0792426 0.0792426 1 4 0
5.72 0.0792426 0.0792426 1 4 0
5.67 0.0792425 0.0792425 1 4 0
5.62 0.0792425 0.0792425 1 4 0
5.57 0.0792425 0.0792425 1 4 0
5.52 0.0792424 0.0792424 1 4 0
5.47 0.0792424 0.0792424 1 4 0
5.42 0.0792424 0.0792424 1 4 0
5.37 0.0792423 0.0792423 1 4 0
5.32 0.0792423 0.0792423 1 4 0
5.27 0.0792422 0.0792422 1 4 0
5.22 0.0792422 0.0792422 1 4 0
5.17 0.0792422 0.0792422 1 4 0
5.12 0.0792421 0.0792421 1 4 0
5.07 0.0792421 0.0792421 1 4 0
5.02 0.079242 0.079242 1 4 0
4.97 0.079242 0.079242 1 4 0
4.92 0.079242 0.079242 1 4 0
4.87 0.0792419 0.0792419 1 4 0
4.82 0.0792419 0.0792419 1 4 0
4.77 0.0792418 0.0792418 1 4 0
4.72 0.0792418 0.0792418 1 4 0
4.67 0.0792417 0.0792417 1 4 0
4.62 0.0792417 0.0792417 1 4 0
4.57 0.0792416 0.0792416 1 4 0
4.52 0.0792416 0.0792416 1 4 0
4.47 0.0792415 0.0792415 1 4 0
4.42 0.0792415 0.0792415 1 4 0
4.37 0.0792414 0.0792414 1 4 0
4.32 0.0792414 0.0792414 1 4 0
11.8 0.0792445 0.0792445 2 5 0
11.82 0.0792445 0.0792445 1 5 0
11.84 0.0792445 0.0792445 1 5 0
11.88 0.0792445 0.0792445 1 5 0
11.93 0.0792445 0.0792445 1 5 0
11.98 0.0792445 0.0792445 1 5 0
12.03 0.0792445 0.0792445 1 5 0
12.08 0.0792445 0.0792445 1 5 0
12.13 0.0792445 0.0792445 1 5 0
12.18 0.0792445 0.0792445 1 5 0
12.23 0.0792445 0.0792445 1 5 0
12.28 0.0792445 0.0792445 1 5 0
12.33 0.0792445 0.0792445 1 5 0
12.38 0.0792445 0.0792445 1 5 0
12.43 0.0792445 0.0792445 1 5 0
12.48 0.0792446 0.0792446 1 5 0
12.53 0.0792446 0.0792446 1 5 0
12.58 0.0792446 0.0792446 1 5 0
12.63 0.0792446 0.0792446 1 5 0
12.68 0.0792446 0.0792446 1 5 0
12.73 0.0792446 0.0792446 1 5 0
12.78 0.0792446 0.0792446 1 5 0
12.83 0.0792446 0.0792446 1 5 0
12.88 0.0792446 0.0792446 1 5 0
12.93 0.0792446 0.0792446 1 5 0
12.98 0.0792446 0.0792446 1 5 0
13.03 0.0792446 0.0792446 1 5 0
13.08 0.0792446 0.0792446 1 5 0
13.08 0.0792446 0.0792446 1 5 0
13.13 0.0792446 0.0792446 1 5 0
13.18 0.0792446 0.0792446 1 5 0
13.23 0.0792446 0.0792446 1 5 0
13.28 0.0792447 0.0792447 1 5 0
13.33 0.0792447 0.0792447 1 5 0
13.38 0.0792447 0.0792447 1 5 0
13.43 0.0792447 0.0792447 1 5 0
13.48 0.0792447 0.0792447 1 5 0
13.53 0.0792447 0.0792447 1 5 0
13.58 0.0792447 0.0792447 1 5 0
13.63 0.0792447 0.0792447 1 5 0
13.68 0.0792447 0.0792447 1 5 0
13.73 0.0792447 0.0792447 1 5 0
13.78 0.0792447 0.0792447 1 5 0
13.83 0.0792447 0.0792447 1 5 0
13.88 0.0792447 0.0792447 1 5 0
13.88 0.0792447 0.0792447 1 5 0
13.93 0.0792447 0.0792447 1 5 0
13.98 0.0792447 0.0792447 1 5 0
14.03 0.0792447 0.0792447 1 5 0
14.08 0.0792447 0.0792447 1 5 0
14.13 0.0792447 0.0792447 1 5 0
14.18 0.0792448 0.0792448 1 5 0
14.23 0.0792448 0.0792448 1 5 0
14.28 0.0792448 0.0792448 1 5 0
14.33 0.0792448 0.0792448 1 5 0
14.38 0.0792448 0.0792448 1 5 0
14.43 0.0792448 0.0792448 1 5 0
14.48 0.0792448 0.0792448 1 5 0
14.53 0.0792448 0.0792448 1 5 0
14.58 0.0792448 0.0792448 1 5 0
14.63 0.0792448 0.0792448 1 5 0
14.63 0.0792448 0.0792448 1 5 0
14.68 0.0792448 0.0792448 1 5 0
14.73 0.0792448 0.0792448 1 5 0
14.73 0.0792448 0.0792448 1 5 0
14.78 0.0792448 0.0792448 1 5 0
14.78 0.0792448 0.0792448 1 5 0
14.83 0.0792448 0.0792448 1 5 0
14.8295 0.0792448 0.0792448 1 5 0
14.88 0.0792448 0.0792448 1 5 0
14.93 0.0792448 0.0792448 1 5 0
14.98 0.0792448 0.0792448 1 5 0
15.03 0.0792448 0.0792448 1 5 0
11.8 0.0792445 0.0792445 2 5 0
11.78 0.0792445 0.0792445 1 5 0
11.76 0.0792444 0.0792444 1 5 0
11.72 0.0792444 0.0792444 1 5 0
11.67 0.0792444 0.0792444 1 5 0
11.62 0.0792444 0.0792444 1 5 0
11.57 0.0792444 0.0792444 1 5 0
11.52 0.0792444 0.0792444 1 5 0
11.47 0.0792444 0.0792444 1 5 0
11.42 0.0792444 0.0792444 1 5 0
11.37 0.0792444 0.0792444 1 5 0
11.32 0.0792444 0.0792444 1 5 0
11.27 0.0792444 0.0792444 1 5 0
11.22 0.0792444 0.0792444 1 5 0
11.17 0.0792444 0.0792444 1 5 0
11.12 0.0792443 0.0792443 1 5 0
11.07 0.0792443 0.0792443 1 5 0
11.02 0.0792443 0.0792443 1 5 0
10.97 0.0792443 0.0792443 1 5 0
10.92 0.0792443 0.0792443 1 5 0
10.87 0.0792443 0.0792443 1 5 0
10.82 0.0792443 0.0792443 1 5 0
10.77 0.0792443 0.0792443 1 5 0
10.72 0.0792443 0.0792443 1 5 0
10.67 0.0792443 0.0792443 1 5 0
10.62 0.0792443 0.0792443 1 5 0
10.57 0.0792442 0.0792442 1 5 0
10.52 0.0792442 0.0792442 1 5 0
10.47 0.0792442 0.0792442 1 5 0
10.42 0.0792442 0.0792442 1 5 0
10.37 0.0792442 0.0792442 1 5 0
10.32 0.0792442 0.0792442 1 5 0
10.27 0.0792442 0.0792442 1 5 0
10.22 0.0792442 0.0792442 1 5 0
10.17 0.0792442 0.0792442 1 5 0
10.12 0.0792442 0.0792442 1 5 0
10.07 0.0792441 0.0792441 1 5 0
10.02 0.0792441 0.0792441 1 5 0
10.02 0.0792441 0.0792441 1 5 0
9.97002 0.0792441 0.0792441 1 5 0
9.92002 0.0792441 0.0792441 1 5 0
9.87002 0.0792441 0.0792441 1 5 0
9.82002 0.0792441 0.0792441 1 5 0
9.77002 0.0792441 0.0792441 1 5 0
9.72002 0.0792441 0.0792441 1 5 0
9.67002 0.0792441 0.0792441 1 5 0
9.62002 0.079244 0.079244 1 5 0
9.57002 0.079244 0.079244 1 5 0
9.52002 0.079244 0.079244 1 5 0
9.47002 0.079244 0.079244 1 5 0
9.42002 0.079244 0.079244 1 5 0
9.37002 0.079244 0.079244 1 5 0
9.32002 0.079244 0.079244 1 5 0
9.27002 0.079244 0.079244 1 5 0
9.22002 0.079244 0.079244 1 5 0
9.17002 0.0792439 0.0792439 1 5 0
9.12002 0.0792439 0.0792439 1 5 0
9.07002 0.0792439 0.0792439 1 5 0
9.02002 0.0792439 0.0792439 1 5 0
8.97002 0.0792439 0.0792439 1 5 0
8.92002 0.0792439 0.0792439 1 5 0
8.87002 0.0792439 0.0792439 1 5 0
8.82002 0.0792439 0.0792439 1 5 0
8.77002 0.0792438 0.0792438 1 5 0
8.72002 0.0792438 0.0792438 1 5 0
8.67002 0.0792438 0.0792438 1 5 0
8.62002 0.0792438 0.0792438 1 5 0
8.62002 0.0792438 0.0792438 1 5 0
8.57002 0.0792438 0.0792438 1 5 0
8.52002 0.0792438 0.0792438 1 5 0
8.47002 0.0792438 0.0792438 1 5 0
8.42002 0.0792437 0.0792437 1 5 0
8.37002 0.0792437 0.0792437 1 5 0
8.32002 0.0792437 0.0792437 1 5 0
8.27002 0.0792437 0.0792437 1 5 0
8.22002 0.0792437 0.0792437 1 5 0
8.17002 0.0792437 0.0792437 1 5 0
8.12002 0.0792436 0.0792436 1 5 0
8.07002 0.0792436 0.0792436 1 5 0
8.02002 0.0792436 0.0792436 1 5 0
7.97002 0.0792436 0.0792436 1 5 0
7.92002 0.0792436 0.0792436 1 5 0
7.87002 0.0792436 0.0792436 1 5 0
7.82002 0.0792435 0.0792435 1 5 0
7.77002 0.0792435 0.0792435 1 5 0
7.72002 0.0792435 0.0792435 1 5 0
7.67002 0.0792435 0.0792435 1 5 0
7.62002 0.0792435 0.0792435 1 5 0
7.57002 0.0792435 0.0792435 1 5 0
7.52002 0.0792434 0.0792434 1 5 0
7.47002 0.0792434 0.0792434 1 5 0
7.42002 0.0792434 0.0792434 1 5 0
7.37002 0.0792434 0.0792434 1 5 0
7.32002 0.0792434 0.0792434 1 5 0
7.27002 0.0792433 0.0792433 1 5 0
7.22002 0.0792433 0.0792433 1 5 0
7.17002 0.0792433 0.0792433 1 5 0
7.12002 0.0792433 0.0792433 1 5 0
7.07002 0.0792433 0.0792433 1 5 0
7.02002 0.0792432 0.0792432 1 5 0
6.97002 0.0792432 0.0792432 1 5 0
6.92002 0.0792432 0.0792432 1 5 0
6.87002 0.0792432 0.0792432 1 5 0
6.82002 0.0792432 0.0792432 1 5 0
6.77002 0.0792431 0.0792431 1 5 0
6.72002 0.0792431 0.0792431 1 5 0
6.67002 0.0792431 0.0792431 1 5 0
6.62002 0.0792431 0.0792431 1 5 0
6.57002 0.079243 0.079243 1 5 0
6.52002 0.079243 0.079243 1 5 0
6.47002 0.079243 0.079243 1 5 0
6.42002 0.079243 0.079243 1 5 0
6.37002 0.0792429 0.0792429 1 5 0
6.32002 0.0792429 0.0792429 1 5 0
6.27002 0.0792429 0.0792429 1 5 0
6.22002 0.0792429 0.0792429 1 5 0
6.17002 0.0792428 0.0792428 1 5 0
6.12002 0.0792428 0.0792428 1 5 0
6.07002 0.0792428 0.0792428 1 5 0
6.02002 0.0792427 0.0792427 1 5 0
5.97002 0.0792427 0.0792427 1 5 0
5.92002 0.0792427 0.0792427 1 5 0
5.87002 0.0792427 0.0792427 1 5 0
5.82002 0.0792426 0.0792426 1 5 0
5.77002 0.0792426 0.0792426 1 5 0
5.72002 0.0792426 0.0792426 1 5 0
5.67002 0.0792425 0.0792425 1 5 0
5.62002 0.0792425 0.0792425 1 5 0
5.57002 0.0792425 0.0792425 1 5 0
5.52002 0.0792424 0.0792424 1 5 0
5.47002 0.0792424 0.0792424 1 5 0
5.42002 0.0792424 0.0792424 1 5 0
5.37002 0.0792423 0.0792423 1 5 0
5.32002 0.0792423 0.0792423 1 5 0
5.27002 0.0792422 0.0792422 1 5 0
5.22002 0.0792422 0.0792422 1 5 0
5.17002 0.0792422 0.0792422 1 5 0
5.12002 0.0792421 0.0792421 1 5 0
5.07002 0.0792421 0.0792421 1 5 0
5.02002 0.079242 0.079242 1 5 0
4.97002 0.079242 0.079242 1 5 0
4.92002 0.079242 0.079242 1 5 0
4.87002 0.0792419 0.0792419 1 5 0
4.82002 0.0792419 0.0792419 1 5 0
4.77002 0.0792418 0.0792418 1 5 0
4.72002 0.0792418 0.0792418 1 5 0
4.67002 0.0792417 0.0792417 1 5 0
4.62002 0.0792417 0.0792417 1 5 0
4.57002 0.0792416 0.0792416 1 5 0
4.52002 0.0792416 0.0792416 1 5 0
4.47002 0.0792415 0.0792415 1 5 0
4.42002 0.0792415 0.0792415 1 5 0
4.37002 0.0792414 0.0792414 1 5 0
4.32002 0.0792414 0.0792414 1 5 0
4.27002 0.0792413 0.0792413 1 5 0
4.22002 0.0792412 0.0792412 1 5 0
4.17002 0.0792412 0.0792412 1 5 0
4.12002 0.0792411 0.0792411 1 5 0
4.07002 0.0792411 0.0792411 1 5 0
4.02002 0.079241 0.079241 1 5 0
4.02002 0.079241 0.079241 1 5 0
3.97002 0.0792409 0.0792409 1 5 0
3.92002 0.0792409 0.0792409 1 5 0
3.92002 0.0792409 0.0792409 1 5 0
3.87002 0.0792408 0.0792408 1 5 0
3.82002 0.0792407 0.0792407 1 5 0
3.77002 0.0792407 0.0792407 1 5 0
3.72002 0.0792406 0.0792406 1 5 0
3.67002 0.0792405 0.0792405 1 5 0
3.62002 0.0792404 0.0792404 1 5 0
3.57002 0.0792403 0.0792403 1 5 0
3.52002 0.0792403 0.0792403 1 5 0
3.47002 0.0792402 0.0792402 1 5 0
3.42002 0.0792401 0.0792401 1 5 0
3.37002 0.07924 0.07924 1 5 0
3.32002 0.0792399 0.0792399 1 5 0
3.27002 0.0792398 0.0792398 1 5 0
3.22002 0.0792397 0.0792397 1 5 0
3.17002 0.0792396 0.0792396 1 5 0
3.12002 0.0792395 0.0792395 1 5 0
3.07002 0.0792394 0.0792394 1 5 0
3.02002 0.0792393 0.0792393 1 5 0
2.97002 0.0792391 0.0792391 1 5 0
2.92002 0.079239 0.079239 1 5 0
2.87002 0.0792389 0.0792389 1 5 0
2.82002 0.0792388 0.0792388 1 5 0
2.77002 0.0792386 0.0792386 1 5 0
2.72002 0.0792385 0.0792385 1 5 0
2.67002 0.0792384 0.0792384 1 5 0
2.62002 0.0792382 0.0792382 1 5 0
2.57002 0.079238 0.079238 1 5 0
2.52002 0.0792379 0.0792379 1 5 0
2.47002 0.0792377 0.0792377 1 5 0
2.42002 0.0792375 0.0792375 1 5 0
2.37002 0.0792374 0.0792374 1 5 0
2.32002 0.0792372 0.0792372 1 5 0
2.27002 0.079237 0.079237 1 5 0
2.22002 0.0792368 0.0792368 1 5 0
2.17002 0.0792365 0.0792365 1 5 0
2.12002 0.0792363 0.0792363 1 5 0
11 0.0792443 0.0792443 2 6 0
11.02 0.0792443 0.0792443 1 6 0
11.04 0.0792443 0.0792443 1 6 0
11.08 0.0792443 0.0792443 1 6 0
11.13 0.0792443 0.0792443 1 6 0
11.18 0.0792444 0.0792444 1 6 0
11.23 0.0792444 0.0792444 1 6 0
11.28 0.0792444 0.0792444 1 6 0
11.33 0.0792444 0.0792444 1 6 0
11.38 0.0792444 0.0792444 1 6 0
11.43 0.0792444 0.0792444 1 6 0
11.48 0.0792444 0.0792444 1 6 0
11.53 0.0792444 0.0792444 1 6 0
11.58 0.0792444 0.0792444 1 6 0
11.63 0.0792444 0.0792444 1 6 0
11.68 0.0792444 0.0792444 1 6 0
11.73 0.0792444 0.0792444 1 6 0
11.78 0.0792445 0.0792445 1 6 0
11.83 0.0792445 0.0792445 1 6 0
11.88 0.0792445 0.0792445 1 6 0
11.93 0.0792445 0.0792445 1 6 0
11.98 0.0792445 0.0792445 1 6 0
12.03 0.0792445 0.0792445 1 6 0
12.08 0.0792445 0.0792445 1 6 0
12.13 0.0792445 0.0792445 1 6 0
12.18 0.0792445 0.0792445 1 6 0
12.23 0.0792445 0.0792445 1 6 0
12.28 0.0792445 0.0792445 1 6 0
12.33 0.0792445 0.0792445 1 6 0
12.38 0.0792445 0.0792445 1 6 0
12.43 0.0792445 0.0792445 1 6 0
12.48 0.0792446 0.0792446 1 6 0
12.53 0.0792446 0.0792446 1 6 0
12.58 0.0792446 0.0792446 1 6 0
12.63 0.0792446 0.0792446 1 6 0
12.68 0.0792446 0.0792446 1 6 0
12.73 0.0792446 0.0792446 1 6 0
12.78 0.0792446 0.0792446 1 6 0
12.83 0.0792446 0.0792446 1 6 0
12.88 0.0792446 0.0792446 1 6 0
12.93 0.0792446 0.0792446 1 6 0
12.98 0.0792446 0.0792446 1 6 0
13.03 0.0792446 0.0792446 1 6 0
13.08 0.0792446 0.0792446 1 6 0
13.13 0.0792446 0.0792446 1 6 0
13.18 0.0792446 0.0792446 1 6 0
13.23 0.0792446 0.0792446 1 6 0
13.28 0.0792447 0.0792447 1 6 0
13.33 0.0792447 0.0792447 1 6 0
13.38 0.0792447 0.0792447 1 6 0
13.43 0.0792447 0.0792447 1 6 0
13.48 0.0792447 0.0792447 1 6 0
13.53 0.0792447 0.0792447 1 6 0
13.58 0.0792447 0.0792447 1 6 0
13.63 0.0792447 0.0792447 1 6 0
13.68 0.0792447 0.0792447 1 6 0
13.73 0.0792447 0.0792447 1 6 0
13.73 0.0792447 0.0792447 1 6 0
13.78 0.0792447 0.0792447 1 6 0
13.83 0.0792447 0.0792447 1 6 0
13.88 0.0792447 0.0792447 1 6 0
13.93 0.0792447 0.0792447 1 6 0
13.98 0.0792447 0.0792447 1 6 0
14.03 0.0792447 0.0792447 1 6 0
14.08 0.0792447 0.0792447 1 6 0
14.13 0.0792447 0.0792447 1 6 0
14.18 0.0792448 0.0792448 1 6 0
14.23 0.0792448 0.0792448 1 6 0
14.28 0.0792448 0.0792448 1 6 0
14.33 0.0792448 0.0792448 1 6 0
14.38 0.0792448 0.0792448 1 6 0
14.43 0.0792448 0.0792448 1 6 0
14.48 0.0792448 0.0792448 1 6 0
14.53 0.0792448 0.0792448 1 6 0
14.58 0.0792448 0.0792448 1 6 0
14.63 0.0792448 0.0792448 1 6 0
14.68 0.0792448 0.0792448 1 6 0
14.73 0.0792448 0.0792448 1 6 0
14.78 0.0792448 0.0792448 1 6 0
14.83 0.0792448 0.0792448 1 6 0
14.88 0.0792448 0.0792448 1 6 0
14.93 0.0792448 0.0792448 1 6 0
14.98 0.0792448 0.0792448 1 6 0
15.03 0.0792448 0.0792448 1 6 0
11 0.0792443 0.0792443 2 6 0
10.98 0.0792443 0.0792443 1 6 0
10.96 0.0792443 0.0792443 1 6 0
10.92 0.0792443 0.0792443 1 6 0
10.87 0.0792443 0.0792443 1 6 0
10.82 0.0792443 0.0792443 1 6 0
10.77 0.0792443 0.0792443 1 6 0
10.72 0.0792443 0.0792443 1 6 0
10.67 0.0792443 0.0792443 1 6 0
10.62 0.0792443 0.0792443 1 6 0
10.57 0.0792442 0.0792442 1 6 0
10.52 0.0792442 0.0792442 1 6 0
10.47 0.0792442 0.0792442 1 6 0
10.42 0.0792442 0.0792442 1 6 0
10.37 0.0792442 0.0792442 1 6 0
10.32 0.0792442 0.0792442 1 6 0
10.27 0.0792442 0.0792442 1 6 0
10.22 0.0792442 0.0792442 1 6 0
10.17 0.0792442 0.0792442 1 6 0
10.12 0.0792442 0.0792442 1 6 0
10.07 0.0792441 0.0792441 1 6 0
10.02 0.0792441 0.0792441 1 6 0
9.97002 0.0792441 0.0792441 1 6 0
9.92002 0.0792441 0.0792441 1 6 0
9.87002 0.0792441 0.0792441 1 6 0
9.82002 0.0792441 0.0792441 1 6 0
9.77002 0.0792441 0.0792441 1 6 0
9.72002 0.0792441 0.0792441 1 6 0
9.67002 0.0792441 0.0792441 1 6 0
9.62002 0.079244 0.079244 1 6 0
9.57002 0.079244 0.079244 1 6 0
9.52002 0.079244 0.079244 1 6 0
9.47002 0.079244 0.079244 1 6 0
9.42002 0.079244 0.079244 1 6 0
9.37002 0.079244 0.079244 1 6 0
9.32002 0.079244 0.079244 1 6 0
9.27002 0.079244 0.079244 1 6 0
9.22002 0.079244 0.079244 1 6 0
9.22002 0.079244 0.079244 1 6 0
9.17002 0.0792439 0.0792439 1 6 0
9.12002 0.0792439 0.0792439 1 6 0
9.07002 0.0792439 0.0792439 1 6 0
9.02002 0.0792439 0.0792439 1 6 0
9.02002 0.0792439 0.0792439 1 6 0
8.97002 0.0792439 0.0792439 1 6 0
8.92002 0.0792439 0.0792439 1 6 0
8.87002 0.0792439 0.0792439 1 6 0
8.82002 0.0792439 0.0792439 1 6 0
8.77002 0.0792438 0.0792438 1 6 0
8.72002 0.0792438 0.0792438 1 6 0
8.67002 0.0792438 0.0792438 1 6 0
8.62002 0.0792438 0.0792438 1 6 0
8.57002 0.0792438 0.0792438 1 6 0
8.52002 0.0792438 0.0792438 1 6 0
8.47002 0.0792438 0.0792438 1 6 0
8.42002 0.0792437 0.0792437 1 6 0
8.37002 0.0792437 0.0792437 1 6 0
8.32002 0.0792437 0.0792437 1 6 0
8.27002 0.0792437 0.0792437 1 6 0
8.22002 0.0792437 0.0792437 1 6 0
8.17002 0.0792437 0.0792437 1 6 0
8.12002 0.0792436 0.0792436 1 6 0
8.07002 0.0792436 0.0792436 1 6 0
8.02002 0.0792436 0.0792436 1 6 0
7.97002 0.0792436 0.0792436 1 6 0
7.92002 0.0792436 0.0792436 1 6 0
7.87002 0.0792436 0.0792436 1 6 0
7.82002 0.0792435 0.0792435 1 6 0
7.77002 0.0792435 0.0792435 1 6 0
7.72002 0.0792435 0.0792435 1 6 0
7.67002 0.0792435 0.0792435 1 6 0
7.62002 0.0792435 0.0792435 1 6 0
7.57002 0.0792435 0.0792435 1 6 0
7.52002 0.0792434 0.0792434 1 6 0
7.47002 0.0792434 0.0792434 1 6 0
7.42002 0.0792434 0.0792434 1 6 0
7.37002 0.0792434 0.0792434 1 6 0
7.32002 0.0792434 0.0792434 1 6 0
7.27002 0.0792433 0.0792433 1 6 0
7.22002 0.0792433 0.0792433 1 6 0
7.17002 0.0792433 0.0792433 1 6 0
7.12002 0.0792433 0.0792433 1 6 0
7.07002 0.0792433 0.0792433 1 6 0
7.02002 0.0792432 0.0792432 1 6 0
6.97002 0.0792432 0.0792432 1 6 0
6.92002 0.0792432 0.0792432 1 6 0
6.87002 0.0792432 0.0792432 1 6 0
6.82002 0.0792432 0.0792432 1 6 0
6.77002 0.0792431 0.0792431 1 6 0
6.72002 0.0792431 0.0792431 1 6 0
6.67002 0.0792431 0.0792431 1 6 0
6.62002 0.0792431 0.0792431 1 6 0
6.57002 0.079243 0.079243 1 6 0
6.52002 0.079243 0.079243 1 6 0
6.47002 0.079243 0.079243 1 6 0
6.42002 0.079243 0.079243 1 6 0
6.37002 0.0792429 0.0792429 1 6 0
6.32002 0.0792429 0.0792429 1 6 0
6.27002 0.0792429 0.0792429 1 6 0
6.22002 0.0792429 0.0792429 1 6 0
6.17002 0.0792428 0.0792428 1 6 0
6.12002 0.0792428 0.0792428 1 6 0
6.07002 0.0792428 0.0792428 1 6 0
6.02002 0.0792427 0.0792427 1 6 0
5.97002 0.0792427 0.0792427 1 6 0
5.92002 0.0792427 0.0792427 1 6 0
5.87002 0.0792427 0.0792427 1 6 0
5.82002 0.0792426 0.0792426 1 6 0
5.77002 0.0792426 0.0792426 1 6 0
5.72002 0.0792426 0.0792426 1 6 0
5.67002 0.0792425 0.0792425 1 6 0
5.62002 0.0792425 0.0792425 1 6 0
5.57001 0.0792425 0.0792425 1 6 0
5.52001 0.0792424 0.0792424 1 6 0
5.47001 0.0792424 0.0792424 1 6 0
5.42001 0.0792424 0.0792424 1 6 0
5.37001 0.0792423 0.0792423 1 6 0
5.32001 0.0792423 0.0792423 1 6 0
5.27001 0.0792422 0.0792422 1 6 0
5.22001 0.0792422 0.0792422 1 6 0
5.17001 0.0792422 0.0792422 1 6 0
5.12001 0.0792421 0.0792421 1 6 0
5.07001 0.0792421 0.0792421 1 6 0
5.02001 0.079242 0.079242 1 6 0
4.97001 0.079242 0.079242 1 6 0
4.92001 0.079242 0.079242 1 6 0
4.87001 0.0792419 0.0792419 1 6 0
4.82001 0.0792419 0.0792419 1 6 0
4.77001 0.0792418 0.0792418 1 6 0
4.72001 0.0792418 0.0792418 1 6 0
4.67001 0.0792417 0.0792417 1 6 0
4.62001 0.0792417 0.0792417 1 6 0
4.57001 0.0792416 0.0792416 1 6 0
4.52001 0.0792416 0.0792416 1 6 0
4.47001 0.0792415 0.0792415 1 6 0
4.42001 0.0792415 0.0792415 1 6 0
4.37001 0.0792414 0.0792414 1 6 0
4.32001 0.0792414 0.0792414 1 6 0
4.27001 0.0792413 0.0792413 1 6 0
4.22001 0.0792412 0.0792412 1 6 0
4.17001 0.0792412 0.0792412 1 6 0
4.12001 0.0792411 0.0792411 1 6 0
4.07001 0.0792411 0.0792411 1 6 0
4.02001 0.079241 0.079241 1 6 0
3.97001 0.0792409 0.0792409 1 6 0
3.92001 0.0792409 0.0792409 1 6 0
3.87001 0.0792408 0.0792408 1 6 0
3.82001 0.0792407 0.0792407 1 6 0
3.77001 0.0792407 0.0792407 1 6 0
3.72001 0.0792406 0.0792406 1 6 0
3.67001 0.0792405 0.0792405 1 6 0
3.62001 0.0792404 0.0792404 1 6 0
3.57001 0.0792403 0.0792403 1 6 0
3.52001 0.0792403 0.0792403 1 6 0
3.47001 0.0792402 0.0792402 1 6 0
3.42001 0.0792401 0.0792401 1 6 0
3.37001 0.07924 0.07924 1 6 0
3.32001 0.0792399 0.0792399 1 6 0
3.27001 0.0792398 0.0792398 1 6 0
3.22001 0.0792397 0.0792397 1 6 0
3.17001 0.0792396 0.0792396 1 6 0
3.12001 0.0792395 0.0792395 1 6 0
3.07001 0.0792394 0.0792394 1 6 0
3.02001 0.0792393 0.0792393 1 6 0
2.97001 0.0792391 0.0792391 1 6 0
2.92001 0.079239 0.079239 1 6 0
2.87001 0.0792389 0.0792389 1 6 0
2.82001 0.0792388 0.0792388 1 6 0
2.77001 0.0792386 0.0792386 1 6 0
2.72001 0.0792385 0.0792385 1 6 0
2.67001 0.0792384 0.0792384 1 6 0
2.62001 0.0792382 0.0792382 1 6 0
2.57001 0.079238 0.079238 1 6 0
2.52001 0.0792379 0.0792379 1 6 0
2.47001 0.0792377 0.0792377 1 6 0
2.42001 0.0792375 0.0792375 1 6 0
2.37001 0.0792374 0.0792374 1 6 0
2.32001 0.0792372 0.0792372 1 6 0
2.27001 0.079237 0.079237 1 6 0
2.27001 0.079237 0.079237 1 6 0
2.22001 0.0792368 0.0792368 1 6 0
2.17001 0.0792365 0.0792365 1 6 0
2.12001 0.0792363 0.0792363 1 6 0
2.07001 0.0792361 0.0792361 1 6 0
2.02001 0.0792358 0.0792358 1 6 0
1.97001 0.0792355 0.0792355 1 6 0
1.92001 0.0792353 0.0792353 1 6 0
1.87001 0.079235 0.079235 1 6 0
1.82001 0.0792347 0.0792347 1 6 0
1.77001 0.0792343 0.0792343 1 6 0
1.72001 0.079234 0.079234 1 6 0
1.67001 0.0792336 0.0792336 1 6 0
1.62001 0.0792332 0.0792332 1 6 0
1.57001 0.0792328 0.0792328 1 6 0
1.52001 0.0792324 0.0792324 1 6 0
1.47001 0.0792319 0.0792319 1 6 0
1.42001 0.0792314 0.0792314 1 6 0
1.37001 0.0792309 0.0792309 1 6 0
1.32001 0.0792303 0.0792303 1 6 0
1.27001 0.0792297 0.0792297 1 6 0
10.35 0.0792442 0.0792442 2 7 0
10.37 0.0792442 0.0792442 1 7 0
10.39 0.0792442 0.0792442 1 7 0
10.43 0.0792442 0.0792442 1 7 0
10.48 0.0792442 0.0792442 1 7 0
10.53 0.0792442 0.0792442 1 7 0
10.58 0.0792442 0.0792442 1 7 0
10.63 0.0792443 0.0792443 1 7 0
10.68 0.0792443 0.0792443 1 7 0
10.73 0.0792443 0.0792443 1 7 0
10.78 0.0792443 0.0792443 1 7 0
10.83 0.0792443 0.0792443 1 7 0
10.88 0.0792443 0.0792443 1 7 0
10.93 0.0792443 0.0792443 1 7 0
10.98 0.0792443 0.0792443 1 7 0
11.03 0.0792443 0.0792443 1 7 0
11.08 0.0792443 0.0792443 1 7 0
11.13 0.0792443 0.0792443 1 7 0
11.18 0.0792444 0.0792444 1 7 0
11.23 0.0792444 0.0792444 1 7 0
11.28 0.0792444 0.0792444 1 7 0
11.33 0.0792444 0.0792444 1 7 0
11.38 0.0792444 0.0792444 1 7 0
11.43 0.0792444 0.0792444 1 7 0
11.48 0.0792444 0.0792444 1 7 0
11.53 0.0792444 0.0792444 1 7 0
11.58 0.0792444 0.0792444 1 7 0
11.63 0.0792444 0.0792444 1 7 0
11.68 0.0792444 0.0792444 1 7 0
11.73 0.0792444 0.0792444 1 7 0
11.78 0.0792445 0.0792445 1 7 0
11.83 0.0792445 0.0792445 1 7 0
11.88 0.0792445 0.0792445 1 7 0
11.93 0.0792445 0.0792445 1 7 0
11.98 0.0792445 0.0792445 1 7 0
12.03 0.0792445 0.0792445 1 7 0
12.08 0.0792445 0.0792445 1 7 0
12.13 0.0792445 0.0792445 1 7 0
12.18 0.0792445 0.0792445 1 7 0
12.23 0.0792445 0.0792445 1 7 0
12.28 0.0792445 0.0792445 1 7 0
12.33 0.0792445 0.0792445 1 7 0
12.38 0.0792445 0.0792445 1 7 0
12.43 0.0792445 0.0792445 1 7 0
12.48 0.0792446 0.0792446 1 7 0
12.53 0.0792446 0.0792446 1 7 0
12.58 0.0792446 0.0792446 1 7 0
12.63 0.0792446 0.0792446 1 7 0
12.68 0.0792446 0.0792446 1 7 0
12.73 0.0792446 0.0792446 1 7 0
12.78 0.0792446 0.0792446 1 7 0
12.83 0.0792446 0.0792446 1 7 0
12.88 0.0792446 0.0792446 1 7 0
12.93 0.0792446 0.0792446 1 7 0
12.98 0.0792446 0.0792446 1 7 0
13.03 0.0792446 0.0792446 1 7 0
13.08 0.0792446 0.0792446 1 7 0
13.13 0.0792446 0.0792446 1 7 0
13.18 0.0792446 0.0792446 1 7 0
13.23 0.0792446 0.0792446 1 7 0
13.28 0.0792447 0.0792447 1 7 0
13.33 0.0792447 0.0792447 1 7 0
13.38 0.0792447 0.0792447 1 7 0
13.43 0.0792447 0.0792447 1 7 0
13.48 0.0792447 0.0792447 1 7 0
13.53 0.0792447 0.0792447 1 7 0
13.58 0.0792447 0.0792447 1 7 0
13.63 0.0792447 0.0792447 1 7 0
13.68 0.0792447 0.0792447 1 7 0
13.73 0.0792447 0.0792447 1 7 0
13.78 0.0792447 0.0792447 1 7 0
13.83 0.0792447 0.0792447 1 7 0
13.88 0.0792447 0.0792447 1 7 0
13.93 0.0792447 0.0792447 1 7 0
13.98 0.0792447 0.0792447 1 7 0
14.03 0.0792447 0.0792447 1 7 0
14.08 0.0792447 0.0792447 1 7 0
14.13 0.0792447 0.0792447 1 7 0
14.18 0.0792448 0.0792448 1 7 0
14.23 0.0792448 0.0792448 1 7 0
14.28 0.0792448 0.0792448 1 7 0
14.33 0.0792448 0.0792448 1 7 0
14.38 0.0792448 0.0792448 1 7 0
14.43 0.0792448 0.0792448 1 7 0
14.48 0.0792448 0.0792448 1 7 0
14.53 0.0792448 0.0792448 1 7 0
14.58 0.0792448 0.0792448 1 7 0
14.58 0.0792448 0.0792448 1 7 0
14.63 0.0792448 0.0792448 1 7 0
14.68 0.0792448 0.0792448 1 7 0
14.73 0.0792448 0.0792448 1 7 0
14.78 0.0792448 0.0792448 1 7 0
14.83 0.0792448 0.0792448 1 7 0
14.88 0.0792448 0.0792448 1 7 0
14.93 0.0792448 0.0792448 1 7 0
14.98 0.0792448 0.0792448 1 7 0
15.03 0.0792448 0.0792448 1 7 0
10.35 0.0792442 0.0792442 2 7 0
10.33 0.0792442 0.0792442 1 7 0
10.31 0.0792442 0.0792442 1 7 0
10.27 0.0792442 0.0792442 1 7 0
10.27 0.0792442 0.0792442 1 7 0
10.22 0.0792442 0.0792442 1 7 0
10.17 0.0792442 0.0792442 1 7 0
10.12 0.0792442 0.0792442 1 7 0
10.07 0.0792441 0.0792441 1 7 0
10.02 0.0792441 0.0792441 1 7 0
9.97002 0.0792441 0.0792441 1 7 0
9.92002 0.0792441 0.0792441 1 7 0
9.87002 0.0792441 0.0792441 1 7 0
9.82002 0.0792441 0.0792441 1 7 0
9.77002 0.0792441 0.0792441 1 7 0
9.72002 0.0792441 0.0792441 1 7 0
9.67002 0.0792441 0.0792441 1 7 0
9.62002 0.079244 0.079244 1 7 0
9.57002 0.079244 0.079244 1 7 0
9.52002 0.079244 0.079244 1 7 0
9.47002 0.079244 0.079244 1 7 0
9.42002 0.079244 0.079244 1 7 0
9.37002 0.079244 0.079244 1 7 0
9.32002 0.079244 0.079244 1 7 0
9.27002 0.079244 0.079244 1 7 0
9.22002 0.079244 0.079244 1 7 0
9.17002 0.0792439 0.0792439 1 7 0
9.12002 0.0792439 0.0792439 1 7 0
9.07002 0.0792439 0.0792439 1 7 0
9.02002 0.0792439 0.0792439 1 7 0
8.97002 0.0792439 0.0792439 1 7 0
8.92002 0.0792439 0.0792439 1 7 0
8.87001 0.0792439 0.0792439 1 7 0
8.82001 0.0792439 0.0792439 1 7 0
8.77001 0.0792438 0.0792438 1 7 0
8.72001 0.0792438 0.0792438 1 7 0
8.67001 0.0792438 0.0792438 1 7 0
8.62001 0.0792438 0.0792438 1 7 0
8.57001 0.0792438 0.0792438 1 7 0
8.52001 0.0792438 0.0792438 1 7 0
8.47001 0.0792438 0.0792438 1 7 0
8.42001 0.0792437 0.0792437 1 7 0
8.37001 0.0792437 0.0792437 1 7 0
8.32001 0.0792437 0.0792437 1 7 0
8.27001 0.0792437 0.0792437 1 7 0
8.27001 0.0792437 0.0792437 1 7 0
8.22001 0.0792437 0.0792437 1 7 0
8.17001 0.0792437 0.0792437 1 7 0
8.12001 0.0792436 0.0792436 1 7 0
8.07001 0.0792436 0.0792436 1 7 0
8.02001 0.0792436 0.0792436 1 7 0
7.97001 0.0792436 0.0792436 1 7 0
7.92001 0.0792436 0.0792436 1 7 0
7.89501 0.0792436 0.0792436 1 7 0
7.84501 0.0792436 0.0792436 1 7 0
7.79501 0.0792435 0.0792435 1 7 0
7.74501 0.0792435 0.0792435 1 7 0
7.69501 0.0792435 0.0792435 1 7 0
7.64501 0.0792435 0.0792435 1 7 0
7.59501 0.0792435 0.0792435 1 7 0
7.54501 0.0792434 0.0792434 1 7 0
7.49501 0.0792434 0.0792434 1 7 0
7.44501 0.0792434 0.0792434 1 7 0
7.39501 0.0792434 0.0792434 1 7 0
7.34501 0.0792434 0.0792434 1 7 0
7.29501 0.0792434 0.0792434 1 7 0
7.24501 0.0792433 0.0792433 1 7 0
7.19501 0.0792433 0.0792433 1 7 0
7.14501 0.0792433 0.0792433 1 7 0
7.09501 0.0792433 0.0792433 1 7 0
7.04501 0.0792432 0.0792432 1 7 0
6.99501 0.0792432 0.0792432 1 7 0
6.94501 0.0792432 0.0792432 1 7 0
6.94501 0.0792432 0.0792432 1 7 0
6.89501 0.0792432 0.0792432 1 7 0
6.84501 0.0792432 0.0792432 1 7 0
6.79501 0.0792431 0.0792431 1 7 0
6.74501 0.0792431 0.0792431 1 7 0
6.69501 0.0792431 0.0792431 1 7 0
6.64501 0.0792431 0.0792431 1 7 0
6.59501 0.079243 0.079243 1 7 0
6.54501 0.079243 0.079243 1 7 0
6.49501 0.079243 0.079243 1 7 0
6.44501 0.079243 0.079243 1 7 0
6.39501 0.0792429 0.0792429 1 7 0
6.34501 0.0792429 0.0792429 1 7 0
6.29501 0.0792429 0.0792429 1 7 0
6.24501 0.0792429 0.0792429 1 7 0
6.19501 0.0792428 0.0792428 1 7 0
6.14501 0.0792428 0.0792428 1 7 0
6.09501 0.0792428 0.0792428 1 7 0
6.04501 0.0792476 0.0792476 1 7 0
5.99501 0.0792427 0.0792427 1 7 0
5.94501 0.0792427 0.0792427 1 7 0
5.89501 0.0792427 0.0792427 1 7 0
5.84501 0.0792426 0.0792426 1 7 0
5.79501 0.0792426 0.0792426 1 7 0
5.74501 0.0792426 0.0792426 1 7 0
5.69501 0.0792425 0.0792425 1 7 0
5.64501 0.0792425 0.0792425 1 7 0
5.59501 0.0792425 0.0792425 1 7 0
5.54501 0.0792424 0.0792424 1 7 0
5.49501 0.0792424 0.0792424 1 7 0
5.44501 0.0792424 0.0792424 1 7 0
5.39501 0.0792423 0.0792423 1 7 0
5.34501 0.0792423 0.0792423 1 7 0
5.29501 0.0792423 0.0792423 1 7 0
5.24501 0.0792422 0.0792422 1 7 0
5.19501 0.0792422 0.0792422 1 7 0
5.14501 0.0792421 0.0792421 1 7 0
5.09501 0.0792421 0.0792421 1 7 0
5.095 0.0792421 0.0792421 1 7 0
5.045 0.0792421 0.0792421 2 7 0
4.995 0.079242 0.079242 1 7 0
4.945 0.079242 0.079242 1 7 0
4.895 0.0792419 0.0792419 1 7 0
4.845 0.0792419 0.0792419 1 7 0
4.795 0.0792418 0.0792418 1 7 0
4.745 0.0792418 0.0792418 1 7 0
4.695 0.0792418 0.0792418 1 7 0
4.645 0.0792417 0.0792417 1 7 0
4.595 0.0792417 0.0792417 1 7 0
4.545 0.0792416 0.0792416 1 7 0
4.495 0.0792416 0.0792416 1 7 0
4.445 0.0792415 0.0792415 1 7 0
4.395 0.0792414 0.0792414 1 7 0
4.345 0.0792414 0.0792414 1 7 0
4.295 0.0792413 0.0792413 1 7 0
4.245 0.0792413 0.0792413 1 7 0
4.195 0.0792412 0.0792412 1 7 0
4.145 0.0792412 0.0792412 1 7 0
4.095 0.0792411 0.0792411 1 7 0
4.045 0.079241 0.079241 1 7 0
3.995 0.079241 0.079241 1 7 0
3.945 0.0792409 0.0792409 1 7 0
3.895 0.0792408 0.0792408 1 7 0
3.845 0.0792408 0.0792408 1 7 0
3.795 0.0792407 0.0792407 1 7 0
3.745 0.0792406 0.0792406 1 7 0
3.695 0.0792405 0.0792405 1 7 0
3.645 0.0792405 0.0792405 1 7 0
3.595 0.0792404 0.0792404 1 7 0
3.545 0.0792403 0.0792403 1 7 0
3.495 0.0792402 0.0792402 1 7 0
3.445 0.0792401 0.0792401 1 7 0
3.395 0.07924 0.07924 1 7 0
3.345 0.0792399 0.0792399 1 7 0
3.295 0.0792398 0.0792398 1 7 0
3.245 0.0792397 0.0792397 1 7 0
3.195 0.0792396 0.0792396 1 7 0
3.145 0.0792395 0.0792395 1 7 0
3.095 0.0792394 0.0792394 1 7 0
3.045 0.0792393 0.0792393 1 7 0
2.995 0.0792392 0.0792392 1 7 0
2.945 0.0792391 0.0792391 1 7 0
2.895 0.079239 0.079239 1 7 0
2.845 0.0792388 0.0792388 1 7 0
2.795 0.0792387 0.0792387 1 7 0
2.745 0.0792386 0.0792386 1 7 0
2.695 0.0792384 0.0792384 1 7 0
2.645 0.0792383 0.0792383 1 7 0
2.595 0.0792381 0.0792381 1 7 0
2.545 0.079238 0.079238 1 7 0
2.495 0.0792378 0.0792378 1 7 0
2.445 0.0792376 0.0792376 1 7 0
2.445 0.0792376 0.0792376 1 7 0
2.395 0.0792374 0.0792374 1 7 0
2.345 0.0792373 0.0792373 1 7 0
2.295 0.0792371 0.0792371 1 7 0
2.245 0.0792369 0.0792369 1 7 0
2.195 0.0792366 0.0792366 1 7 0
2.145 0.0792364 0.0792364 1 7 0
2.095 0.0792362 0.0792362 1 7 0
2.045 0.0792359 0.0792359 1 7 0
1.995 0.0792357 0.0792357 1 7 0
1.945 0.0792354 0.0792354 1 7 0
1.895 0.0792351 0.0792351 1 7 0
1.845 0.0792348 0.0792348 1 7 0
1.795 0.0792345 0.0792345 1 7 0
1.745 0.0792342 0.0792342 1 7 0
1.695 0.0792338 0.0792338 1 7 0
1.645 0.0792334 0.0792334 1 7 0
1.595 0.079233 0.079233 1 7 0
1.545 0.0792326 0.0792326 1 7 0
1.495 0.0792322 0.0792322 1 7 0
1.445 0.0792317 0.0792317 1 7 0
1.395 0.0792311 0.0792311 1 7 0
1.345 0.0792306 0.0792306 1 7 0
1.295 0.07923 0.07923 1 7 0
1.245 0.0792293 0.0792293 1 7 0
1.195 0.0792286 0.0792286 1 7 0
1.145 0.0792279 0.0792279 1 7 0
1.095 0.079227 0.079227 1 7 0
1.045 0.0792261 0.0792261 1 7 0
0.995004 0.0792251 0.0792251 1 7 0
0.945004 0.079224 0.079224 1 7 0
0.895004 0.0792227 0.0792227 1 7 0
0.845004 0.0792213 0.0792213 1 7 0
0.795004 0.0792198 0.0792198 1 7 0
0.745004 0.079218 0.079218 1 7 0
15.01 0.0792448 0.0792448 2 3 0
