-1.899059999999999984e-02 7.758560000000000456e-02
1.850469999999999893e-02 7.817989999999999662e-02
6.849890000000000145e-02 7.894420000000000603e-02
1.684990000000000099e-01 7.912210000000000076e-02
2.684989999999999877e-01 7.916810000000000513e-02
2.684989999999999877e-01 7.916810000000000513e-02
3.684999999999999942e-01 7.918920000000000126e-02
4.685000000000000275e-01 7.920140000000000513e-02
5.685000000000000053e-01 7.920919999999999350e-02
6.684999999999999831e-01 7.921480000000000188e-02
7.684999999999999609e-01 7.921889999999999488e-02
8.685000000000000497e-01 7.922200000000000075e-02
9.685000000000000275e-01 7.922450000000000325e-02
1.068500000000000005e+00 7.922650000000000525e-02
1.168500000000000094e+00 7.922819999999999863e-02
1.268499999999999961e+00 7.922959999999999725e-02
1.368500000000000050e+00 7.923090000000000688e-02
1.468499999999999917e+00 7.923189999999999400e-02
1.568500000000000005e+00 7.923280000000000600e-02
1.668500000000000094e+00 7.923360000000000125e-02
1.768499999999999961e+00 7.923429999999999362e-02
1.868500000000000050e+00 7.923499999999999988e-02
1.968499999999999917e+00 7.923550000000000038e-02
2.068499999999999783e+00 7.923610000000000375e-02
2.168499999999999872e+00 7.923650000000000138e-02
2.268499999999999961e+00 7.923700000000000188e-02
2.368500000000000050e+00 7.923729999999999662e-02
2.468500000000000139e+00 7.923769999999999425e-02
2.568499999999999783e+00 7.923800000000000288e-02
2.668499999999999872e+00 7.923829999999999762e-02
2.768499999999999961e+00 7.923860000000000625e-02
2.868500000000000050e+00 7.923890000000000100e-02
2.868500000000000050e+00 7.923890000000000100e-02
2.968500000000000139e+00 7.923910000000000675e-02
3.068499999999999783e+00 7.923940000000000150e-02
3.168499999999999872e+00 7.923959999999999337e-02
3.268499999999999961e+00 7.923979999999999912e-02
3.368500000000000050e+00 7.924000000000000488e-02
3.468500000000000139e+00 7.924019999999999675e-02
3.568499999999999783e+00 7.924029999999999963e-02
3.668499999999999872e+00 7.924050000000000538e-02
3.768499999999999961e+00 7.924059999999999437e-02
3.868500000000000050e+00 7.924080000000000013e-02
3.968500000000000139e+00 7.924090000000000300e-02
4.068500000000000227e+00 7.924109999999999487e-02
4.168499999999999872e+00 7.924119999999999775e-02
4.268500000000000405e+00 7.924130000000000063e-02
4.368500000000000050e+00 7.924140000000000350e-02
4.468499999999999694e+00 7.924150000000000638e-02
4.568500000000000227e+00 7.924159999999999537e-02
4.668499999999999872e+00 7.924169999999999825e-02
4.768500000000000405e+00 7.924180000000000113e-02
4.868500000000000050e+00 7.924190000000000400e-02
4.968499999999999694e+00 7.924200000000000688e-02
5.068500000000000227e+00 7.924209999999999587e-02
5.168499999999999872e+00 7.924219999999999875e-02
5.268500000000000405e+00 7.924219999999999875e-02
5.368500000000000050e+00 7.924230000000000163e-02
5.468499999999999694e+00 7.924240000000000450e-02
5.568500000000000227e+00 7.924249999999999350e-02
5.668499999999999872e+00 7.924249999999999350e-02
5.768500000000000405e+00 7.924259999999999637e-02
5.868500000000000050e+00 7.924259999999999637e-02
5.968499999999999694e+00 7.924269999999999925e-02
6.068500000000000227e+00 7.924280000000000213e-02
6.168499999999999872e+00 7.924280000000000213e-02
6.268500000000000405e+00 7.924290000000000500e-02
6.368500000000000050e+00 7.924290000000000500e-02
6.468499999999999694e+00 7.924299999999999400e-02
6.568500000000000227e+00 7.924299999999999400e-02
6.668499999999999872e+00 7.924309999999999687e-02
6.768500000000000405e+00 7.924309999999999687e-02
6.868500000000000050e+00 7.924319999999999975e-02
6.968499999999999694e+00 7.924319999999999975e-02
7.068500000000000227e+00 7.924330000000000263e-02
7.068500000000000227e+00 7.924330000000000263e-02
7.168499999999999872e+00 7.924330000000000263e-02
7.268500000000000405e+00 7.924330000000000263e-02
7.368500000000000050e+00 7.924340000000000550e-02
7.468499999999999694e+00 7.924340000000000550e-02
7.568500000000000227e+00 7.924349999999999450e-02
7.668499999999999872e+00 7.924349999999999450e-02
7.748499999999999943e+00 7.924349999999999450e-02
7.788499999999999979e+00 7.924349999999999450e-02
7.808500000000000441e+00 7.924349999999999450e-02
7.818500000000000227e+00 7.924349999999999450e-02
7.823500000000000121e+00 7.924349999999999450e-02
7.881000000000000227e+00 7.924359999999999737e-02
7.886000000000000121e+00 7.924359999999999737e-02
7.886000000000000121e+00 7.924359999999999737e-02
7.891000000000000014e+00 7.924359999999999737e-02
7.895999999999999908e+00 7.924359999999999737e-02
7.900999999999999801e+00 7.924359999999999737e-02
7.905999999999999694e+00 7.924359999999999737e-02
7.905999999999999694e+00 7.924359999999999737e-02
7.910999999999999588e+00 7.924359999999999737e-02
7.916000000000000369e+00 7.924359999999999737e-02
7.921000000000000263e+00 7.924359999999999737e-02
7.926000000000000156e+00 7.924359999999999737e-02
7.931000000000000050e+00 7.924359999999999737e-02
7.935999999999999943e+00 7.924359999999999737e-02
7.940999999999999837e+00 7.924359999999999737e-02
7.945999999999999730e+00 7.924359999999999737e-02
7.950999999999999623e+00 7.924359999999999737e-02
7.956000000000000405e+00 7.924359999999999737e-02
7.961000000000000298e+00 7.924359999999999737e-02
7.966000000000000192e+00 7.924359999999999737e-02
7.971000000000000085e+00 7.924359999999999737e-02
7.975999999999999979e+00 7.924359999999999737e-02
7.980999999999999872e+00 7.924359999999999737e-02
7.985999999999999766e+00 7.924359999999999737e-02
7.990999999999999659e+00 7.924359999999999737e-02
7.996000000000000441e+00 7.924359999999999737e-02
8.000999999999999446e+00 7.924359999999999737e-02
8.006000000000000227e+00 7.924359999999999737e-02
8.010999999999999233e+00 7.924359999999999737e-02
8.016000000000000014e+00 7.924359999999999737e-02
8.021000000000000796e+00 7.924359999999999737e-02
8.025999999999999801e+00 7.924359999999999737e-02
8.031000000000000583e+00 7.924359999999999737e-02
8.035999999999999588e+00 7.924359999999999737e-02
8.041000000000000369e+00 7.924359999999999737e-02
8.045999999999999375e+00 7.924359999999999737e-02
8.051000000000000156e+00 7.924359999999999737e-02
8.055999999999999162e+00 7.924359999999999737e-02
8.060999999999999943e+00 7.924359999999999737e-02
8.066000000000000725e+00 7.924359999999999737e-02
8.070999999999999730e+00 7.924359999999999737e-02
8.076000000000000512e+00 7.924359999999999737e-02
8.080999999999999517e+00 7.924359999999999737e-02
8.086000000000000298e+00 7.924359999999999737e-02
8.090999999999999304e+00 7.924359999999999737e-02
8.096000000000000085e+00 7.924359999999999737e-02
8.101000000000000867e+00 7.924359999999999737e-02
8.105999999999999872e+00 7.924359999999999737e-02
8.111000000000000654e+00 7.924359999999999737e-02
8.115999999999999659e+00 7.924359999999999737e-02
8.121000000000000441e+00 7.924359999999999737e-02
8.125999999999999446e+00 7.924359999999999737e-02
8.131000000000000227e+00 7.924359999999999737e-02
8.135999999999999233e+00 7.924370000000000025e-02
8.141000000000000014e+00 7.924370000000000025e-02
8.146000000000000796e+00 7.924370000000000025e-02
8.146000000000000796e+00 7.924370000000000025e-02
8.150999999999999801e+00 7.924370000000000025e-02
8.156000000000000583e+00 7.924370000000000025e-02
8.156000000000000583e+00 7.924370000000000025e-02
8.160999999999999588e+00 7.924370000000000025e-02
8.166000000000000369e+00 7.924370000000000025e-02
8.170999999999999375e+00 7.924370000000000025e-02
8.176000000000000156e+00 7.924370000000000025e-02
8.180999999999999162e+00 7.924370000000000025e-02
8.185999999999999943e+00 7.924370000000000025e-02
8.191000000000000725e+00 7.924370000000000025e-02
8.195999999999999730e+00 7.924370000000000025e-02
8.201000000000000512e+00 7.924370000000000025e-02
8.201000000000000512e+00 7.924370000000000025e-02
8.205999999999999517e+00 7.924370000000000025e-02
8.208500000000000796e+00 7.924370000000000025e-02
8.213499999999999801e+00 7.924370000000000025e-02
8.218500000000000583e+00 7.924370000000000025e-02
8.223499999999999588e+00 7.924370000000000025e-02
8.228500000000000369e+00 7.924370000000000025e-02
8.233499999999999375e+00 7.924370000000000025e-02
8.238500000000000156e+00 7.924370000000000025e-02
8.243499999999999162e+00 7.924370000000000025e-02
8.248499999999999943e+00 7.924370000000000025e-02
8.253500000000000725e+00 7.924370000000000025e-02
8.258499999999999730e+00 7.924370000000000025e-02
8.263500000000000512e+00 7.924370000000000025e-02
8.268499999999999517e+00 7.924370000000000025e-02
8.273500000000000298e+00 7.924370000000000025e-02
8.278499999999999304e+00 7.924370000000000025e-02
8.283500000000000085e+00 7.924370000000000025e-02
8.288500000000000867e+00 7.924370000000000025e-02
8.293499999999999872e+00 7.924370000000000025e-02
8.298500000000000654e+00 7.924370000000000025e-02
8.303499999999999659e+00 7.924370000000000025e-02
8.308500000000000441e+00 7.924370000000000025e-02
8.308500000000000441e+00 7.924370000000000025e-02
8.313499999999999446e+00 7.924370000000000025e-02
8.318500000000000227e+00 7.924370000000000025e-02
8.323499999999999233e+00 7.924370000000000025e-02
8.328500000000000014e+00 7.924370000000000025e-02
8.333500000000000796e+00 7.924370000000000025e-02
8.338499999999999801e+00 7.924370000000000025e-02
8.343500000000000583e+00 7.924370000000000025e-02
8.348499999999999588e+00 7.924370000000000025e-02
8.353500000000000369e+00 7.924370000000000025e-02
8.358499999999999375e+00 7.924370000000000025e-02
8.363500000000000156e+00 7.924370000000000025e-02
8.368499999999999162e+00 7.924370000000000025e-02
8.373499999999999943e+00 7.924370000000000025e-02
8.378500000000000725e+00 7.924370000000000025e-02
8.383499999999999730e+00 7.924370000000000025e-02
8.388500000000000512e+00 7.924370000000000025e-02
8.393499999999999517e+00 7.924370000000000025e-02
8.398500000000000298e+00 7.924370000000000025e-02
8.403499999999999304e+00 7.924370000000000025e-02
8.408500000000000085e+00 7.924370000000000025e-02
8.413500000000000867e+00 7.924370000000000025e-02
8.418499999999999872e+00 7.924370000000000025e-02
8.423500000000000654e+00 7.924370000000000025e-02
8.428499999999999659e+00 7.924370000000000025e-02
8.433500000000000441e+00 7.924370000000000025e-02
8.433500000000000441e+00 7.924370000000000025e-02
8.438499999999999446e+00 7.924370000000000025e-02
8.438499999999999446e+00 7.924370000000000025e-02
8.443500000000000227e+00 7.924370000000000025e-02
8.448499999999999233e+00 7.924370000000000025e-02
8.453500000000000014e+00 7.924370000000000025e-02
8.458500000000000796e+00 7.924370000000000025e-02
8.463499999999999801e+00 7.924380000000000313e-02
8.468500000000000583e+00 7.924380000000000313e-02
8.473499999999999588e+00 7.924380000000000313e-02
8.478500000000000369e+00 7.924380000000000313e-02
8.483499999999999375e+00 7.924380000000000313e-02
8.488500000000000156e+00 7.924380000000000313e-02
8.493499999999999162e+00 7.924380000000000313e-02
8.498499999999999943e+00 7.924380000000000313e-02
8.503500000000000725e+00 7.924380000000000313e-02
8.508499999999999730e+00 7.924380000000000313e-02
8.513500000000000512e+00 7.924380000000000313e-02
8.518499999999999517e+00 7.924380000000000313e-02
8.521000000000000796e+00 7.924380000000000313e-02
8.525999999999999801e+00 7.924380000000000313e-02
8.531000000000000583e+00 7.924380000000000313e-02
8.535999999999999588e+00 7.924380000000000313e-02
8.541000000000000369e+00 7.924380000000000313e-02
8.545999999999999375e+00 7.924380000000000313e-02
8.551000000000000156e+00 7.924380000000000313e-02
8.555999999999999162e+00 7.924380000000000313e-02
8.560999999999999943e+00 7.924380000000000313e-02
8.566000000000000725e+00 7.924380000000000313e-02
8.570999999999999730e+00 7.924380000000000313e-02
8.576000000000000512e+00 7.924380000000000313e-02
8.580999999999999517e+00 7.924380000000000313e-02
8.586000000000000298e+00 7.924380000000000313e-02
8.590999999999999304e+00 7.924380000000000313e-02
8.596000000000000085e+00 7.924380000000000313e-02
8.601000000000000867e+00 7.924380000000000313e-02
8.605999999999999872e+00 7.924380000000000313e-02
8.611000000000000654e+00 7.924380000000000313e-02
8.613500000000000156e+00 7.924380000000000313e-02
8.618499999999999162e+00 7.924380000000000313e-02
8.623499999999999943e+00 7.924380000000000313e-02
8.628500000000000725e+00 7.924380000000000313e-02
8.633499999999999730e+00 7.924380000000000313e-02
8.638500000000000512e+00 7.924380000000000313e-02
8.643499999999999517e+00 7.924380000000000313e-02
8.648500000000000298e+00 7.924380000000000313e-02
8.653499999999999304e+00 7.924380000000000313e-02
8.658500000000000085e+00 7.924380000000000313e-02
8.658500000000000085e+00 7.924380000000000313e-02
8.663500000000000867e+00 7.924380000000000313e-02
8.668499999999999872e+00 7.924380000000000313e-02
8.673500000000000654e+00 7.924380000000000313e-02
8.678499999999999659e+00 7.924380000000000313e-02
8.683500000000000441e+00 7.924380000000000313e-02
8.688499999999999446e+00 7.924380000000000313e-02
8.693500000000000227e+00 7.924380000000000313e-02
8.698499999999999233e+00 7.924380000000000313e-02
8.703500000000000014e+00 7.924380000000000313e-02
8.708500000000000796e+00 7.924380000000000313e-02
8.713499999999999801e+00 7.924380000000000313e-02
8.718500000000000583e+00 7.924380000000000313e-02
8.723499999999999588e+00 7.924380000000000313e-02
8.728500000000000369e+00 7.924380000000000313e-02
8.733499999999999375e+00 7.924380000000000313e-02
8.738500000000000156e+00 7.924380000000000313e-02
8.743499999999999162e+00 7.924380000000000313e-02
8.746000000000000441e+00 7.924380000000000313e-02
8.750999999999999446e+00 7.924380000000000313e-02
8.756000000000000227e+00 7.924380000000000313e-02
8.760999999999999233e+00 7.924380000000000313e-02
8.766000000000000014e+00 7.924380000000000313e-02
8.771000000000000796e+00 7.924380000000000313e-02
8.771000000000000796e+00 7.924380000000000313e-02
8.775999999999999801e+00 7.924380000000000313e-02
8.778499999999999304e+00 7.924380000000000313e-02
8.783500000000000085e+00 7.924380000000000313e-02
8.788500000000000867e+00 7.924380000000000313e-02
8.793499999999999872e+00 7.924380000000000313e-02
8.798500000000000654e+00 7.924380000000000313e-02
8.803499999999999659e+00 7.924380000000000313e-02
8.808500000000000441e+00 7.924380000000000313e-02
9.480999999999999872e+00 7.924399999999999500e-02
9.476000000000000867e+00 7.924399999999999500e-02
9.471000000000000085e+00 7.924399999999999500e-02
9.465999999999999304e+00 7.924399999999999500e-02
9.461000000000000298e+00 7.924399999999999500e-02
9.455999999999999517e+00 7.924399999999999500e-02
9.451000000000000512e+00 7.924399999999999500e-02
9.445999999999999730e+00 7.924399999999999500e-02
9.445999999999999730e+00 7.924399999999999500e-02
9.441000000000000725e+00 7.924399999999999500e-02
9.435999999999999943e+00 7.924399999999999500e-02
9.430999999999999162e+00 7.924399999999999500e-02
9.426000000000000156e+00 7.924399999999999500e-02
9.420999999999999375e+00 7.924399999999999500e-02
9.416000000000000369e+00 7.924399999999999500e-02
9.410999999999999588e+00 7.924399999999999500e-02
9.406000000000000583e+00 7.924399999999999500e-02
9.400999999999999801e+00 7.924399999999999500e-02
9.396000000000000796e+00 7.924399999999999500e-02
9.391000000000000014e+00 7.924399999999999500e-02
9.385999999999999233e+00 7.924399999999999500e-02
9.381000000000000227e+00 7.924399999999999500e-02
9.381000000000000227e+00 7.924399999999999500e-02
9.375999999999999446e+00 7.924399999999999500e-02
9.371000000000000441e+00 7.924399999999999500e-02
9.365999999999999659e+00 7.924399999999999500e-02
9.361000000000000654e+00 7.924399999999999500e-02
9.355999999999999872e+00 7.924399999999999500e-02
9.351000000000000867e+00 7.924399999999999500e-02
9.346000000000000085e+00 7.924399999999999500e-02
9.340999999999999304e+00 7.924399999999999500e-02
9.336000000000000298e+00 7.924399999999999500e-02
9.330999999999999517e+00 7.924399999999999500e-02
9.326000000000000512e+00 7.924399999999999500e-02
9.320999999999999730e+00 7.924399999999999500e-02
9.316000000000000725e+00 7.924399999999999500e-02
9.310999999999999943e+00 7.924399999999999500e-02
9.305999999999999162e+00 7.924399999999999500e-02
9.301000000000000156e+00 7.924399999999999500e-02
9.295999999999999375e+00 7.924399999999999500e-02
9.291000000000000369e+00 7.924399999999999500e-02
9.285999999999999588e+00 7.924399999999999500e-02
9.281000000000000583e+00 7.924399999999999500e-02
9.275999999999999801e+00 7.924399999999999500e-02
9.271000000000000796e+00 7.924399999999999500e-02
9.266000000000000014e+00 7.924399999999999500e-02
9.260999999999999233e+00 7.924399999999999500e-02
9.256000000000000227e+00 7.924399999999999500e-02
9.250999999999999446e+00 7.924399999999999500e-02
9.246000000000000441e+00 7.924399999999999500e-02
9.240999999999999659e+00 7.924399999999999500e-02
9.236000000000000654e+00 7.924399999999999500e-02
9.230999999999999872e+00 7.924399999999999500e-02
9.230999999999999872e+00 7.924399999999999500e-02
9.226000000000000867e+00 7.924399999999999500e-02
9.221000000000000085e+00 7.924399999999999500e-02
9.215999999999999304e+00 7.924399999999999500e-02
9.211000000000000298e+00 7.924399999999999500e-02
9.205999999999999517e+00 7.924399999999999500e-02
9.201000000000000512e+00 7.924390000000000600e-02
9.195999999999999730e+00 7.924390000000000600e-02
9.195999999999999730e+00 7.924390000000000600e-02
9.191000000000000725e+00 7.924390000000000600e-02
9.191000000000000725e+00 7.924390000000000600e-02
9.185999999999999943e+00 7.924390000000000600e-02
9.180999999999999162e+00 7.924390000000000600e-02
9.176000000000000156e+00 7.924390000000000600e-02
9.170999999999999375e+00 7.924390000000000600e-02
9.166000000000000369e+00 7.924390000000000600e-02
9.160999999999999588e+00 7.924390000000000600e-02
9.156000000000000583e+00 7.924390000000000600e-02
9.150999999999999801e+00 7.924390000000000600e-02
9.150999999999999801e+00 7.924390000000000600e-02
9.146000000000000796e+00 7.924390000000000600e-02
9.141000000000000014e+00 7.924390000000000600e-02
9.135999999999999233e+00 7.924390000000000600e-02
9.131000000000000227e+00 7.924390000000000600e-02
9.125999999999999446e+00 7.924390000000000600e-02
9.121000000000000441e+00 7.924390000000000600e-02
9.115999999999999659e+00 7.924390000000000600e-02
9.111000000000000654e+00 7.924390000000000600e-02
9.105999999999999872e+00 7.924390000000000600e-02
9.101000000000000867e+00 7.924390000000000600e-02
9.096000000000000085e+00 7.924390000000000600e-02
9.090999999999999304e+00 7.924390000000000600e-02
9.086000000000000298e+00 7.924390000000000600e-02
9.080999999999999517e+00 7.924390000000000600e-02
9.076000000000000512e+00 7.924390000000000600e-02
9.073499999999999233e+00 7.924390000000000600e-02
9.068500000000000227e+00 7.924390000000000600e-02
9.063499999999999446e+00 7.924390000000000600e-02
9.058500000000000441e+00 7.924390000000000600e-02
9.053499999999999659e+00 7.924390000000000600e-02
9.048500000000000654e+00 7.924390000000000600e-02
9.043499999999999872e+00 7.924390000000000600e-02
9.038500000000000867e+00 7.924390000000000600e-02
9.033500000000000085e+00 7.924390000000000600e-02
9.028499999999999304e+00 7.924390000000000600e-02
9.023500000000000298e+00 7.924390000000000600e-02
9.018499999999999517e+00 7.924390000000000600e-02
9.013500000000000512e+00 7.924390000000000600e-02
9.008499999999999730e+00 7.924390000000000600e-02
9.003500000000000725e+00 7.924390000000000600e-02
8.998499999999999943e+00 7.924390000000000600e-02
8.993499999999999162e+00 7.924390000000000600e-02
8.988500000000000156e+00 7.924390000000000600e-02
8.983499999999999375e+00 7.924390000000000600e-02
8.978500000000000369e+00 7.924390000000000600e-02
8.973499999999999588e+00 7.924390000000000600e-02
8.971000000000000085e+00 7.924390000000000600e-02
8.965999999999999304e+00 7.924390000000000600e-02
8.961000000000000298e+00 7.924390000000000600e-02
8.955999999999999517e+00 7.924390000000000600e-02
8.951000000000000512e+00 7.924390000000000600e-02
8.945999999999999730e+00 7.924390000000000600e-02
8.941000000000000725e+00 7.924390000000000600e-02
8.935999999999999943e+00 7.924390000000000600e-02
8.930999999999999162e+00 7.924390000000000600e-02
8.926000000000000156e+00 7.924390000000000600e-02
8.920999999999999375e+00 7.924390000000000600e-02
8.916000000000000369e+00 7.924390000000000600e-02
8.910999999999999588e+00 7.924390000000000600e-02
8.906000000000000583e+00 7.924390000000000600e-02
8.900999999999999801e+00 7.924390000000000600e-02
8.896000000000000796e+00 7.924390000000000600e-02
8.891000000000000014e+00 7.924390000000000600e-02
8.885999999999999233e+00 7.924390000000000600e-02
8.881000000000000227e+00 7.924390000000000600e-02
8.875999999999999446e+00 7.924390000000000600e-02
8.871000000000000441e+00 7.924390000000000600e-02
8.865999999999999659e+00 7.924390000000000600e-02
8.861000000000000654e+00 7.924390000000000600e-02
8.855999999999999872e+00 7.924390000000000600e-02
8.851000000000000867e+00 7.924390000000000600e-02
8.846000000000000085e+00 7.924390000000000600e-02
8.840999999999999304e+00 7.924390000000000600e-02
8.836000000000000298e+00 7.924390000000000600e-02
8.830999999999999517e+00 7.924390000000000600e-02
8.826000000000000512e+00 7.924390000000000600e-02
8.820999999999999730e+00 7.924390000000000600e-02
8.818500000000000227e+00 7.924390000000000600e-02
8.813499999999999446e+00 7.924380000000000313e-02
8.808500000000000441e+00 7.924380000000000313e-02
9.480999999999999872e+00 7.924399999999999500e-02
9.476000000000000867e+00 7.924399999999999500e-02
9.471000000000000085e+00 7.924399999999999500e-02
9.465999999999999304e+00 7.924399999999999500e-02
9.461000000000000298e+00 7.924399999999999500e-02
9.455999999999999517e+00 7.924399999999999500e-02
9.451000000000000512e+00 7.924399999999999500e-02
9.445999999999999730e+00 7.924399999999999500e-02
9.445999999999999730e+00 7.924399999999999500e-02
9.441000000000000725e+00 7.924399999999999500e-02
9.435999999999999943e+00 7.924399999999999500e-02
9.430999999999999162e+00 7.924399999999999500e-02
9.426000000000000156e+00 7.924399999999999500e-02
9.420999999999999375e+00 7.924399999999999500e-02
9.416000000000000369e+00 7.924399999999999500e-02
9.410999999999999588e+00 7.924399999999999500e-02
9.406000000000000583e+00 7.924399999999999500e-02
9.400999999999999801e+00 7.924399999999999500e-02
9.396000000000000796e+00 7.924399999999999500e-02
9.391000000000000014e+00 7.924399999999999500e-02
9.385999999999999233e+00 7.924399999999999500e-02
9.381000000000000227e+00 7.924399999999999500e-02
9.381000000000000227e+00 7.924399999999999500e-02
9.375999999999999446e+00 7.924399999999999500e-02
9.371000000000000441e+00 7.924399999999999500e-02
9.365999999999999659e+00 7.924399999999999500e-02
9.361000000000000654e+00 7.924399999999999500e-02
9.355999999999999872e+00 7.924399999999999500e-02
9.351000000000000867e+00 7.924399999999999500e-02
9.346000000000000085e+00 7.924399999999999500e-02
9.340999999999999304e+00 7.924399999999999500e-02
9.336000000000000298e+00 7.924399999999999500e-02
9.330999999999999517e+00 7.924399999999999500e-02
9.326000000000000512e+00 7.924399999999999500e-02
9.320999999999999730e+00 7.924399999999999500e-02
9.316000000000000725e+00 7.924399999999999500e-02
9.310999999999999943e+00 7.924399999999999500e-02
9.305999999999999162e+00 7.924399999999999500e-02
9.301000000000000156e+00 7.924399999999999500e-02
9.295999999999999375e+00 7.924399999999999500e-02
9.291000000000000369e+00 7.924399999999999500e-02
9.285999999999999588e+00 7.924399999999999500e-02
9.281000000000000583e+00 7.924399999999999500e-02
9.275999999999999801e+00 7.924399999999999500e-02
9.271000000000000796e+00 7.924399999999999500e-02
9.266000000000000014e+00 7.924399999999999500e-02
9.260999999999999233e+00 7.924399999999999500e-02
9.256000000000000227e+00 7.924399999999999500e-02
9.250999999999999446e+00 7.924399999999999500e-02
9.246000000000000441e+00 7.924399999999999500e-02
9.240999999999999659e+00 7.924399999999999500e-02
9.236000000000000654e+00 7.924399999999999500e-02
9.230999999999999872e+00 7.924399999999999500e-02
9.230999999999999872e+00 7.924399999999999500e-02
9.226000000000000867e+00 7.924399999999999500e-02
9.221000000000000085e+00 7.924399999999999500e-02
9.215999999999999304e+00 7.924399999999999500e-02
9.211000000000000298e+00 7.924399999999999500e-02
9.205999999999999517e+00 7.924399999999999500e-02
9.201000000000000512e+00 7.924390000000000600e-02
9.195999999999999730e+00 7.924390000000000600e-02
9.195999999999999730e+00 7.924390000000000600e-02
9.191000000000000725e+00 7.924390000000000600e-02
9.191000000000000725e+00 7.924390000000000600e-02
9.185999999999999943e+00 7.924390000000000600e-02
9.180999999999999162e+00 7.924390000000000600e-02
9.176000000000000156e+00 7.924390000000000600e-02
9.170999999999999375e+00 7.924390000000000600e-02
9.166000000000000369e+00 7.924390000000000600e-02
9.160999999999999588e+00 7.924390000000000600e-02
9.156000000000000583e+00 7.924390000000000600e-02
9.150999999999999801e+00 7.924390000000000600e-02
9.150999999999999801e+00 7.924390000000000600e-02
9.146000000000000796e+00 7.924390000000000600e-02
9.141000000000000014e+00 7.924390000000000600e-02
9.135999999999999233e+00 7.924390000000000600e-02
9.131000000000000227e+00 7.924390000000000600e-02
9.125999999999999446e+00 7.924390000000000600e-02
9.121000000000000441e+00 7.924390000000000600e-02
9.115999999999999659e+00 7.924390000000000600e-02
9.111000000000000654e+00 7.924390000000000600e-02
9.105999999999999872e+00 7.924390000000000600e-02
9.101000000000000867e+00 7.924390000000000600e-02
9.096000000000000085e+00 7.924390000000000600e-02
9.090999999999999304e+00 7.924390000000000600e-02
9.086000000000000298e+00 7.924390000000000600e-02
9.080999999999999517e+00 7.924390000000000600e-02
9.076000000000000512e+00 7.924390000000000600e-02
9.073499999999999233e+00 7.924390000000000600e-02
9.068500000000000227e+00 7.924390000000000600e-02
9.063499999999999446e+00 7.924390000000000600e-02
9.058500000000000441e+00 7.924390000000000600e-02
9.053499999999999659e+00 7.924390000000000600e-02
9.048500000000000654e+00 7.924390000000000600e-02
9.043499999999999872e+00 7.924390000000000600e-02
9.038500000000000867e+00 7.924390000000000600e-02
9.033500000000000085e+00 7.924390000000000600e-02
9.028499999999999304e+00 7.924390000000000600e-02
9.023500000000000298e+00 7.924390000000000600e-02
9.018499999999999517e+00 7.924390000000000600e-02
9.013500000000000512e+00 7.924390000000000600e-02
9.008499999999999730e+00 7.924390000000000600e-02
9.003500000000000725e+00 7.924390000000000600e-02
8.998499999999999943e+00 7.924390000000000600e-02
8.993499999999999162e+00 7.924390000000000600e-02
8.988500000000000156e+00 7.924390000000000600e-02
8.983499999999999375e+00 7.924390000000000600e-02
8.978500000000000369e+00 7.924390000000000600e-02
8.973499999999999588e+00 7.924390000000000600e-02
8.971000000000000085e+00 7.924390000000000600e-02
8.965999999999999304e+00 7.924390000000000600e-02
8.961000000000000298e+00 7.924390000000000600e-02
8.955999999999999517e+00 7.924390000000000600e-02
8.951000000000000512e+00 7.924390000000000600e-02
8.945999999999999730e+00 7.924390000000000600e-02
8.941000000000000725e+00 7.924390000000000600e-02
8.935999999999999943e+00 7.924390000000000600e-02
8.930999999999999162e+00 7.924390000000000600e-02
8.926000000000000156e+00 7.924390000000000600e-02
8.920999999999999375e+00 7.924390000000000600e-02
8.916000000000000369e+00 7.924390000000000600e-02
8.910999999999999588e+00 7.924390000000000600e-02
8.906000000000000583e+00 7.924390000000000600e-02
8.900999999999999801e+00 7.924390000000000600e-02
8.896000000000000796e+00 7.924390000000000600e-02
8.891000000000000014e+00 7.924390000000000600e-02
8.885999999999999233e+00 7.924390000000000600e-02
8.881000000000000227e+00 7.924390000000000600e-02
8.875999999999999446e+00 7.924390000000000600e-02
8.871000000000000441e+00 7.924390000000000600e-02
8.865999999999999659e+00 7.924390000000000600e-02
8.861000000000000654e+00 7.924390000000000600e-02
8.855999999999999872e+00 7.924390000000000600e-02
8.851000000000000867e+00 7.924390000000000600e-02
8.846000000000000085e+00 7.924390000000000600e-02
8.840999999999999304e+00 7.924390000000000600e-02
8.836000000000000298e+00 7.924390000000000600e-02
8.830999999999999517e+00 7.924390000000000600e-02
8.826000000000000512e+00 7.924390000000000600e-02
8.820999999999999730e+00 7.924390000000000600e-02
8.818500000000000227e+00 7.924390000000000600e-02
8.813499999999999446e+00 7.924380000000000313e-02
8.808500000000000441e+00 7.924380000000000313e-02
8.808500000000000441e+00 7.924380000000000313e-02
8.803499999999999659e+00 7.924380000000000313e-02
8.798500000000000654e+00 7.924380000000000313e-02
